Entrez.Gene	Symbol	GSE7621_FC	GSE8397_FC	GSE20141_FC	GSE20164_FC	GSE20292_FC	GSE20163_FC	GSE20333_FC	GSE7621_statPval	GSE8397_statPval	GSE20141_statPval	GSE20164_statPval	GSE20292_statPval	GSE20163_statPval	GSE20333_statPval	metaZscore	metaPval	effect	significance	metaPvalBonf	metaPvalFDR	PD_Avg_Log_FC	PD_Avg_FC
8073	7132	0.456592410653226	0.697495451531781	NA	0.177794543477118	0.197332132905737	0.199152050332128	NA	0.0422104789638557	0.00925352044915405	NA	0.837169801647463	0.470992971439942	0.104347307384968	NA	5.04024240005052	4.64942568223492e-07	868	7	0.00481773489193182	0.000301108430745739	0.345673317779998	1.27074391092259
6847	4247	0.431593109326817	0.484860965405046	NA	0.134961117208491	0.900734841605527	0.337921247163253	0.814670419691274	0.1704621390265	0.249788589343139	NA	0.915941561321115	0.0573624066207627	0.211589289257244	0.696353066317217	4.8601705386569	1.17284675971163e-06	869	100	0.0121530381241319	0.000486121524965276	0.517456950066735	1.43142983022526
2688	7427	0.46398260597561	1.05043962658797	NA	0.155777581529502	0.599745630925021	0.343297364886549	-0.0603182943294192	0.102127604393624	0.00862711594095085	NA	0.920678001078828	0.129294967083245	0.157903585120752	0.960367408883952	4.80017169117772	1.58529662419582e-06	867	62	0.0164268436199171	0.000608401615552485	0.425487419262539	1.34302617194664
1470	1847	0.53258262637272	0.558437307203826	0.399196973283613	0.267339056125387	0.233246022665583	0.340063768221542	0.208896421966481	0.115909100864121	0.00287997696226364	0.549634726370932	0.68911942582582	0.591123284982948	0.104347307384968	0.933016440633298	4.55430494565368	5.25590665811926e-06	909	44	0.0544617047914318	0.00122675436235412	0.362823167977022	1.28593985532753
6241	6510	0.674644930623442	0.980578817298904	0.0605186977114833	0.158053064824971	0.851533026341695	0.0942851399332287	NA	0.0503866908735244	0.0125641829986778	0.931673158326126	0.901468052431962	0.135646109985837	0.585654087433064	NA	4.49163498919197	7.06784809145766e-06	908	45	0.0732370419236843	0.00137392654987201	0.469935612788954	1.38504765231269
8105	7535	0.290602513286309	0.1547051353285	1.39004761511197	0.0387617298847864	0.467459237715323	0.277176265096418	NA	0.239605661520311	0.376775974548408	0.0773536637814084	0.955099927853373	0.19061920890191	0.0888515964200466	NA	4.48215353866711	7.38935470478985e-06	908	80	0.0765684934510324	0.00137871375956945	0.436458749403884	1.35327847929039
7802	8599	0.471523712773624	0.536785214759585	NA	NA	0.439746633629479	0.249950622745734	NA	0.116808204748936	0.0277947959117853	NA	NA	0.187750328397509	0.317582368917634	NA	4.4553738673096	8.37471220083152e-06	843	71	0.0867787678250162	0.0015224345232459	0.424501545977105	1.3421087214179
3354	2831	0.349817021449098	0.611802928782214	1.51396185395974	0.455579103879243	0.443751028192413	0.269362171630037	NA	0.136470340857755	0.0679760410338591	0.0768020092684015	0.784429360176357	0.432983389849909	0.292838309015049	NA	4.42756937154223	9.53009267834481e-06	908	80	0.0987508203330089	0.00164584700555015	0.607379017982124	1.52348893090158
4140	4444	0.46799654392294	0.697389302122517	0.906981227794773	NA	0.613835489391645	0.190987855714713	-0.0415539329162939	0.147461259323414	0.0138400462507304	0.139980898378562	NA	0.270417017870816	0.293158106486245	0.985127212433875	4.39179308486171	1.12419661981722e-05	891	52	0.11648925374546	0.00182014458977282	0.472606081005049	1.38761378788746
1539	1898	0.516409371611893	1.07204556028203	NA	NA	0.476244373226317	0.0447312396743644	0.162273685847661	0.0448783993107492	0.00436169500665501	NA	NA	0.265955308012227	0.891275418145651	0.933016440633298	4.36160170565755	1.29113752884713e-05	844	9	0.13378767073914	0.00185816209359916	0.454340846128453	1.37015665018922
3404	4873	1.12456168112516	1.55785254429501	0.65313606343986	0.375403446188538	0.816475071932338	0.318410951785445	-0.207688282100811	0.0353403321968413	0.021801043944221	0.412698195748908	0.897668905679388	0.265955308012227	0.434043196257242	0.963606321758969	4.3582491384152	1.31107087661952e-05	907	2	0.135853164235315	0.00186100224979883	0.662593068095077	1.58292518302988
4470	5365	0.59373575357005	0.609955887823896	-0.580481842402505	0.248690733798055	0.693702410192861	0.27907017360975	-0.017724848591218	0.055751568078406	0.0421354452713096	0.315006190082359	0.699228386694698	0.131475283432428	0.132441938253325	0.990620650559899	4.3499933003192	1.36141691398084e-05	795	44	0.141070020626695	0.00188093360835593	0.260992609714413	1.19830288295053
1662	1974	0.339663885790982	0.590062756048674	1.45693980410325	0.106992732250959	0.351190924267433	0.148725058532284	NA	0.0765006713746195	0.041973609893276	0.0872346039602006	0.921834603584743	0.499770665240897	0.416289254984632	NA	4.2847811004075	1.82919199316345e-05	908	45	0.189540874331597	0.00215481876871215	0.49892919349893	1.41316428502924
2206	4925	0.513704110628607	0.405586105356423	NA	0.130933321575476	0.17159493697836	0.250892349663832	NA	0.0574594421413567	0.127391153299426	NA	0.875622079635888	0.391950907755163	0.155868009532332	NA	4.28012706830725	1.867866367955e-05	868	101	0.193548313047497	0.00215966998398636	0.29454216484054	1.22649569057574
9032	9473	0.318265818329889	0.733010900251608	1.5913628046818	0.106458799346557	0.66405919233336	0.312438535699092	NA	0.291470951973166	0.0355939058037137	0.0810471599291571	0.930039801592931	0.291771095827684	0.293158106486245	NA	4.27365435928941	1.92295051346658e-05	908	45	0.199256132205407	0.00215966998398636	0.620932675107051	1.53786906330615
5921	9262	0.455577492958654	0.521207882487499	NA	-0.131951236072451	0.347063775663308	0.111543755823533	NA	0.0939507221979114	0.0201089736990628	NA	0.935539153440029	0.19061920890191	0.34823509960481	NA	4.25769668673699	2.06543918170876e-05	821	63	0.214020808008662	0.00218892476622304	0.260688334172109	1.19805017825415
4773	5988	0.402592500484001	0.785215278445042	NA	-0.263785796114142	0.375610583880868	0.233053922731932	0.231149484986695	0.109559103579161	0.0635114685808844	NA	0.888607597159238	0.131475283432428	0.347087216743331	0.929399992157675	4.25718128164215	2.07020485514242e-05	822	100	0.214514627089858	0.00218892476622304	0.293972662402399	1.22601162816482
4360	5117	0.226340295507662	0.249732153620493	NA	0.161204255515209	0.371720445168777	0.106083905076479	0.151262674131395	0.213241940988188	0.225887641440477	NA	0.834890340999526	0.0963974881735947	0.247372870091012	0.92952212894874	4.25447209570952	2.09542787690253e-05	869	100	0.21712823660464	0.00219321451115798	0.211057288170002	1.15753618083628
1064	327	0.697698138607477	NA	1.7104255303482	NA	NA	NA	NA	0.0366684196994206	NA	0.0755873351140779	NA	NA	NA	NA	4.24612226116354	2.17501977910484e-05	732	32	0.225375549510844	0.00222876268992503	1.20406183447784	2.30387402753111
2419	2914	0.874688210787266	0.614244686553365	0.547674441513872	0.34044337033311	0.311334977234951	0.460839883057933	0.34156903898214	0.0574594421413567	0.0687062745428533	0.370593818529406	0.902693829573412	0.459022029413323	0.207628152023826	0.929904674657525	4.23269165684943	2.30910988372468e-05	909	79	0.239269966151551	0.00226057934079085	0.498684944066091	1.41292505542862
3103	3436	0.526341317601201	0.672934296368976	NA	0.205698169547572	0.163137648782204	0.277269662570015	-0.0168899000422282	0.0365230143524807	0.0303979897749419	NA	0.902693829573412	0.711115930179939	0.0932953814975747	0.988831279735363	4.18866419409866	2.80601253401791e-05	867	6	0.290759018774936	0.00244759068306655	0.30474853247129	1.23520331747235
7993	7594	0.249787730340672	0.516097802649881	1.72886450580366	NA	0.545369037908062	0.160658342749985	NA	0.267389298241038	0.063441323603507	0.0848938566432102	NA	0.32218130313177	0.309967845523376	NA	4.17387429060395	2.99463035358105e-05	892	88	0.310303597238068	0.00252279347348023	0.640155483890452	1.55849711452314
3637	1915	0.306211159269251	0.0277070554143837	NA	0.179223873268723	0.263537474004758	0.154372561320361	0.249912815867109	0.0739715060932248	0.873483160859223	NA	0.760229697059712	0.186026206130413	0.169025914204013	0.929399992157675	4.14508272592131	3.39691052408941e-05	869	100	0.351987868506145	0.00268652074776949	0.196827489857431	1.14617512373644
6891	7948	0.386043473476426	1.19529697063535	-0.830340890098257	0.425352423003975	0.364472987319585	0.237727990255634	0.130822663882362	0.0512202301949014	0.00339370645730976	0.287450592053801	0.581692150188685	0.451624469552893	0.22373296035913	0.929399992157675	4.13796214201207	3.50404168980578e-05	797	44	0.363088799897675	0.00268652074776949	0.272767945496439	1.20812350360223
8255	9710	0.29112646078068	0.328580512505729	NA	0.100115612976643	0.427090789885469	0.130068461900475	0.0840929389416551	0.136363980638563	0.0864513910099819	NA	0.918457099505923	0.116902524885472	0.481700797793919	0.943726789203335	4.1299936608532	3.62773237074787e-05	869	100	0.375905628256894	0.00274383670260507	0.226845796165109	1.17027354898539
9375	6591	0.426132824876282	1.87878916384255	-0.434933333671058	0.209658717060082	1.09438148128156	0.159975107360371	NA	0.144713648608758	0.00177142655979979	0.624439169253097	0.857756062164414	0.19061920890191	0.349847288714274	NA	4.11456682576736	3.87907172245683e-05	796	45	0.401949411880977	0.00283622431347344	0.555667326791631	1.46984836277483
8922	1462	0.656301061771779	0.526731063473183	NA	-0.0219327316521847	0.340195363620914	0.156311646713643	NA	0.145425772419298	0.0192638426305852	NA	0.976417959858529	0.250450805002487	0.273109461175037	NA	4.1014375377637	4.10591347115297e-05	821	63	0.425454753880871	0.0029341707164198	0.331521280785467	1.25833955837305
3838	3742	1.26800560801237	0.289665890842215	NA	0.910858643765263	0.680860778275552	0.444512706148034	NA	0.0891962028709805	0.526955773672351	NA	0.397868202965008	0.28081696094875	0.198140909118608	NA	4.09947341860189	4.14091224301139e-05	868	101	0.42908132662084	0.00293891319603315	0.718780725408687	1.64579052856081
3887	3811	0.733510849646588	1.1986483068522	-0.597827682068134	NA	0.710997285990517	0.111450719767802	0.0334135667698536	0.0355498701922275	0.00423954242828651	0.55578654239671	NA	0.176695409059409	0.644396435948498	0.988831279735363	4.08816746070964	4.34794250649961e-05	778	4	0.45053380252349	0.00301414762399231	0.365032174493138	1.2879103517273
6940	1992	0.415719226229233	0.358607542238793	1.70263180509352	0.147173713365559	0.358830866826729	0.0928385641528457	NA	0.0708873743232313	0.193138855444387	0.0755873351140779	0.897668905679388	0.367273947055023	0.675713016418549	NA	4.08735080048653	4.36327102488754e-05	908	80	0.452122143598847	0.00301414762399231	0.512633619651113	1.42665215353985
3609	3404	0.316380966026332	0.377622055928619	NA	-0.179135396454985	0.776680324423214	NA	0.0539928790116351	0.137879087443249	0.05863287015841	NA	0.902693829573412	0.0415014960737023	NA	0.981132145313362	4.05323486111562	5.05142439912731e-05	819	97	0.523428596237572	0.00319920794834955	0.269108165786963	1.20506266095227
5796	9650	0.576344310445606	-0.00286493178492009	NA	0.15093271843009	0.462393378513474	0.112318295397884	NA	0.0393258819633075	0.990385071087884	NA	0.879862445371526	0.11785256524869	0.33408068281923	NA	4.05002578341379	5.12119900761832e-05	596	17	0.53065864116941	0.00319920794834955	0.259824754200427	1.19733325435946
4335	5057	0.64251124463978	0.285900115922712	NA	0.0848708301826049	0.522742277748358	0.205085292511674	NA	0.0611910928343877	0.310725905544825	NA	0.920678001078828	0.279502746178153	0.205461502773138	NA	4.03203398372021	5.52961885678105e-05	868	101	0.572979105939652	0.0033351199159105	0.348221952201026	1.27299076416639
5273	6248	0.265482845586623	NA	NA	NA	0.478634859105083	0.232358977519489	0.0399735670856254	0.145425772419298	NA	NA	NA	0.131475283432428	0.138897303967882	0.985127212433875	4.02497956508666	5.69802632532923e-05	710	143	0.590429487830615	0.00335471299903758	0.254112562324205	1.19260191819491
3058	5599	0.788037752672041	1.83067707445019	1.36579340426611	0.0628373007163816	0.513032905190671	0.0757377688015808	-0.172580174947306	0.127734422340344	0.00157785914317653	0.130900618161954	0.964929361854283	0.299514825163211	0.827008194060748	0.966656249090432	4.01945503033069	5.83329141172761e-05	907	44	0.604445656083215	0.00341494720950969	0.637648004449953	1.55579071763267
7677	9474	0.425698714667639	NA	NA	NA	NA	0.286298634500412	NA	0.0350885419823024	NA	NA	NA	NA	0.205823439323077	NA	4.00143882567487	6.2958473177499e-05	701	39	0.652375699065245	0.0035263551300824	0.355998674584025	1.27987123801538
6597	6804	0.627233102757439	0.160620662832832	NA	-0.00604948845544762	0.383831044573921	0.134697562739099	0.0934463793513833	0.0567629480337994	0.359295533935581	NA	0.99535230112555	0.137622518395707	0.334696579982467	0.948736090948985	3.99024160750315	6.60060230994741e-05	822	100	0.683954411356751	0.00365404633213436	0.232296543966538	1.17470340505675
184	1852	0.559724829927243	0.471252971228882	0.167017164004089	0.450946169672722	0.312841451208993	0.0659912929494464	0.185543885881158	0.0503866908735244	0.09728133770516	0.861739959577815	0.610191667399794	0.397847027453562	0.450617100774222	0.929399992157675	3.98276651833141	6.81176682268969e-05	909	79	0.705835278167106	0.00373457819136035	0.316188252124648	1.24503668517476
6513	4839	0.82763365899234	0.710640137665973	-0.25544959340018	0.078351810785998	0.617855874469525	0.330510576626095	NA	0.0760594827335705	0.0769485082415903	0.790345965779362	0.964102511377394	0.155081493946006	0.293341668234819	NA	3.94838928301804	7.86787892990137e-05	796	80	0.81526961471638	0.00409683223475568	0.384923744189959	1.30579076573556
5066	707	0.443466339912143	1.23197483749131	2.06711323508689	NA	0.415740552788138	0.111725276650967	0.168268380652896	0.199181939539949	0.00539564578721607	0.0810471599291571	NA	0.499277693039094	0.699859031110745	0.960371305960403	3.93591282529986	8.28810567616856e-05	893	52	0.858813510164586	0.00425155203051775	0.739714770430391	1.66984566759162
9519	2752	0.631963345952579	-0.201547465527254	NA	-0.0967034406638039	0.34185317544301	0.205380256319758	NA	0.0156734647039146	0.248079121687733	NA	0.925913009624724	0.0637030512598321	0.132441938253325	NA	3.92901149326143	8.52957632808682e-05	554	17	0.883834699116356	0.00435386551288845	0.176189174304858	1.12989536310503
1738	9663	0.255553090534602	0.822005618268044	1.41586452932524	NA	0.424636038961799	0.31094155433901	NA	0.339522321781355	0.0456326533355811	0.086383299895312	NA	0.442745889738588	0.286399296944473	NA	3.92632834172658	8.62523965334816e-05	892	53	0.893747332879936	0.00438111437686243	0.645800166285739	1.56460682823793
8157	5704	0.423880909967886	0.129324242646643	NA	0.217426480404777	0.416638127273538	0.0551686765471366	0.40903314971742	0.122150999142762	0.549348415141524	NA	0.867518471541455	0.119950724301608	0.718581519208638	0.929399992157675	3.88779413154396	0.00010115936757904	869	100	1	0.00489819330305613	0.275245264426233	1.21019981095883
3367	2979	0.259118839811327	1.14726038621625	-0.760118430832517	0.296234524441542	0.904681265956405	0.307550916325527	NA	0.364291499708613	0.00814532059159378	0.292217310101956	0.869364497600836	0.135646109985837	0.117701560074137	NA	3.87839759283903	0.000105146771531173	796	45	1	0.00502087947744707	0.359121250319756	1.28264439720511
4180	4547	0.700112385400915	0.676629402817435	0.221917924943778	NA	0.298854799740718	0.133263197450153	0.439994646570278	0.0320778644673577	0.0272158711224699	0.842658062336512	NA	0.636804498847234	0.680549103455971	0.929399992157675	3.87501380098421	0.00010661865671957	893	4	1	0.00504466904533417	0.411795392820546	1.33034035498776
2420	3921	1.05118042012225	NA	NA	NA	0.909042526824583	0.100302059109097	NA	0.0360857327511063	NA	NA	NA	0.218363940662782	0.59326247355487	NA	3.87005288821162	0.000108811745115789	709	37	1	0.00507886172472885	0.68684166868531	1.60975559985375
3979	4567	1.10598386666869	NA	1.01159176844559	NA	NA	NA	NA	0.0503866908735244	NA	0.0903277058414392	NA	NA	NA	NA	3.84272025335112	0.000121678133822245	732	132	1	0.00550580271906595	1.05878781755714	2.08318045450693
8011	1137	0.477054906576608	1.26387358669108	-0.871356780207277	0.00837703252196231	0.556049938193615	0.285128848440376	NA	0.157235470813346	0.0041236510113298	0.240495130471113	0.997091520815836	0.19061920890191	0.145467157651494	NA	3.80903264337777	0.00013951154034153	796	45	1	0.0060996564599955	0.286521255369394	1.21969569869008
5829	512	0.235793668678669	1.05027945234587	1.48415418762774	NA	0.00573385246753588	0.28956921844512	NA	0.254390081589493	0.00795424322929164	0.0755873351140779	NA	0.991385371497915	0.168727582351133	NA	3.80411498786349	0.000142312066484962	892	53	1	0.00615666030247046	0.613106075912987	1.52954873568528
8995	6138	0.565838395099911	0.433200662321799	NA	-0.134333713409806	0.479703967876718	0.0879722664797047	0.29343336660238	0.0769904122225458	0.103716838829427	NA	0.897668905679388	0.239094248447057	0.501534065510703	0.929399992157675	3.80366100447689	0.000142573255071943	822	100	1	0.00615666030247046	0.287635824161784	1.22063835114351
2339	8218	0.480435915064757	0.261616035866954	NA	0.0332492345683342	0.299484870799041	0.116309326903028	NA	0.0818858931967375	0.220811480977903	NA	0.976417959858529	0.242025633202954	0.351456693741808	NA	3.80361837056583	0.000142597806658262	868	101	1	0.00615666030247046	0.238219076640423	1.17953569393605
8087	1378	0.281712945105102	0.355166274489403	NA	0.179374087747242	0.493033053504787	0.120355094549669	0.479800713487932	0.256476352404858	0.113049672358279	NA	0.781141418498783	0.257055262973121	0.69306379287379	0.896536669638073	3.79343379568684	0.000148578258177823	869	100	1	0.00630970455425656	0.318240361480689	1.24680890266963
4202	4663	0.291407249934569	0.898773921465477	-0.28414117511964	0.158439829302646	0.877773055305244	0.0896004071443102	0.0837450799942623	0.15711073761123	0.00727599031236352	0.687979499726523	0.881424273227976	0.11785256524869	0.742834123904466	0.963482481395766	3.78598995477275	0.000153097859083351	797	44	1	0.00639068505309977	0.302228338289553	1.23304746696068
5759	9385	0.499563838047527	0.0776098664613967	NA	0.322103145862986	0.512028953021375	0.178760473062132	NA	0.0448783993107492	0.678431674546156	NA	0.690773902647856	0.354802489613509	0.304458670405044	NA	3.76890884774065	0.000163962746380086	868	17	1	0.00658740649553854	0.318013255291083	1.24661264793449
5152	6136	0.479499774868644	0.2680489961664	NA	-8.15949471455468e-05	0.347430760394548	NA	0.181801347941502	0.0695962056056218	0.180454125632072	NA	0.999736974907639	0.187750328397509	NA	0.933016440633298	3.75227014489159	0.000175240480106531	819	102	1	0.00690356310432262	0.25533985688479	1.19361689125074
9558	9055	0.592627135820869	0.301508620923046	1.49328761052745	-0.0644080052241449	0.24804596931339	0.103196893837934	NA	0.0498225297337688	0.203385601509113	0.0818565887722758	0.940393577167358	0.536175059240965	0.59878112133985	NA	3.74855863147933	0.000177853762636238	883	11	1	0.00692827326479962	0.445709704199757	1.36198395176697
5472	1053	0.278767256606209	0.492928601343087	NA	0.00976749383150821	0.372635522988972	0.155221308095218	NA	0.235703269519932	0.0234427381880676	NA	0.992112853641547	0.276662146009474	0.328238282827879	NA	3.743342541208	0.000181588411992228	868	63	1	0.00704726264068714	0.261864036572999	1.19902690897365
6284	7207	0.250369998643393	NA	NA	NA	0.606886039661823	0.931622575870486	NA	0.187251728596569	NA	NA	NA	0.293941894074732	0.104347307384968	NA	3.71757782529088	0.000201142033452673	709	144	1	0.00733146035451993	0.596292871391901	1.51182680251248
9146	4426	0.324064533825908	NA	1.57437700662968	NA	NA	NA	NA	0.0954154502243098	NA	0.066071330497056	NA	NA	NA	NA	3.71598597118446	0.000202412813447905	732	132	1	0.00733146035451993	0.949220770227794	1.93082949475562
7675	9123	0.389039307434374	0.852443784466461	0.138092377687103	0.179790939677472	0.472832317079599	0.235143003148629	-0.105430350840138	0.103231475240678	0.0229200380318433	0.856214979963529	0.857756062164414	0.359303776609432	0.267343278406834	0.942384793048429	3.7158411348437	0.000202528810130387	907	44	1	0.00733146035451993	0.308844482664786	1.23871516154862
5483	728	0.321666554773908	0.251932940819414	NA	-0.0654666258950014	0.679366620665546	NA	-0.0616613513607032	0.109970518500342	0.21509816556985	NA	0.930039801592931	0.0415014960737023	NA	0.960371305960403	3.71157040600341	0.000205977356755094	817	97	1	0.00741089364825099	0.225167627800633	1.16891305754132
1423	9112	0.604471535267597	0.52917991875946	-0.693098703025699	0.750370330679768	0.535442263636744	0.25632109515187	0.23450855118892	0.0955457328771556	0.076871894337272	0.410043257055989	0.575317015482407	0.246805808912276	0.361937148891933	0.93243108583361	3.7043342036387	0.000211946677408203	797	79	1	0.00749579532778022	0.316742141665523	1.24551478011221
2999	9341	0.677206399077136	1.15736241802778	-0.415066903310239	0.619714664627823	1.16647645298441	-0.413003575799813	NA	0.0350085502411544	0.00436169500665501	0.472278196709613	0.671907771220509	0.129294967083245	0.278728613479754	NA	3.70365744819165	0.000212513179972618	792	3	1	0.00749579532778022	0.465448242601183	1.38074628199932
3670	3548	0.178768707845649	0.74742287396829	NA	0.293460552153103	0.1024258972157	0.188524739333612	0.276514620183547	0.417813021557313	0.043990444030792	NA	0.591087531151305	0.582735922584291	0.157164338272373	0.929399992157675	3.6940763910783	0.000220687455711355	869	62	1	0.0076537660016494	0.297852898449984	1.22931351633974
4268	4602	0.330195893884651	0.21589154850706	NA	0.0250631187109693	0.590920261732973	NA	0.347730251196291	0.201558606630486	0.321458308745964	NA	0.981987064451883	0.0802526524415467	NA	0.929399992157675	3.69201194678679	0.000222487011114048	866	102	1	0.0076537660016494	0.301960214806389	1.23281832757045
3542	6808	0.29434999110202	0.294419102502717	NA	-0.0614475364538567	0.395003219651906	0.129274696141884	0.0234979564557571	0.0806469575366665	0.138012035472319	NA	0.933602372306244	0.150950334981274	0.53939243630806	0.986177412599642	3.68894654891481	0.000225184517269827	822	100	1	0.0076537660016494	0.179182904900071	1.13224243872596
5905	6937	0.605254917853276	0.786791300857008	NA	-0.153547131822128	0.274746212982372	0.416493173962952	0.155699769728285	0.0695962056056218	0.0302448491989334	NA	0.905663524454281	0.660973450335416	0.173867090207736	0.933016440633298	3.68836882512373	0.000225696331752179	822	62	1	0.0076537660016494	0.347573040593627	1.27241831280939
883	8417	0.307302663313151	0.600273404775884	NA	-0.0223277350212863	0.570677642893849	0.0513989994580228	0.0397174000445357	0.222238688693537	0.0782681256417048	NA	0.97581264128164	0.0415014960737023	0.795966570907545	0.986252566264629	3.68712203461642	0.000226804606161979	822	95	1	0.0076537660016494	0.257840395910693	1.19568751159637
229	6765	0.39457855952649	0.124830092774383	0.521562289819046	0.125855756064078	0.609856255484152	0.0881930237581496	0.267374247243594	0.100113892565878	0.534545067204162	0.636367600910378	0.916320216092096	0.11785256524869	0.659420213952428	0.929399992157675	3.68454895783357	0.000229107987338439	909	79	1	0.0076537660016494	0.304607174952842	1.23508229624679
7436	8612	0.14572158341108	1.29328567722576	-0.711925951489087	0.101548789346634	0.509012861434531	0.201715053270531	0.351255420568494	0.547846628304465	0.00437745450596622	0.338488338165941	0.940603357159143	0.131475283432428	0.179077436778743	0.929399992157675	3.68421917243049	0.000229404788719023	797	44	1	0.0076537660016494	0.27008763339542	1.20588107410844
5079	5956	0.316296636511662	0.358536184796989	1.68068154216873	NA	0.353620577476647	0.130987028489519	NA	0.243875373936776	0.190066275370122	0.0775902401886356	NA	0.459514794207244	0.387319935450647	NA	3.66037008285407	0.000251851226519717	892	88	1	0.00823243662207353	0.568024393888709	1.48249207638999
2286	8419	0.554286870045845	1.01511700173926	NA	0.0738525557726382	0.61615321747796	-0.514823584653069	NA	0.0499901320717369	0.00299370407066996	NA	0.940927645911326	0.191124935298962	0.285894936025968	NA	3.64856560364238	0.000263708566750509	862	7	1	0.00844515030093648	0.348917212076527	1.27360438844051
4959	7947	0.310767025374027	0.595183634799742	-0.252572985181306	0.100455185940397	0.339505301550048	0.13639029718914	0.116295122601447	0.122781785178516	0.022163846109452	0.717776631722816	0.922907630064576	0.26426131174651	0.352749055848149	0.939021086352025	3.64063332034422	0.000271968235101339	797	44	1	0.0085933773245102	0.192289083181928	1.14257516991707
7994	3950	0.511911338779813	0.20866791566405	-0.864079799618994	NA	0.648131802512006	0.159317485589236	-0.049096711100491	0.0333203995169813	0.284242050100009	0.206102566350155	NA	0.123310674230476	0.255877925771452	0.973173753208812	3.64058829427774	0.000272015804134274	777	12	1	0.0085933773245102	0.102475338637603	1.07361396206371
2146	2865	0.371372010655139	0.202218165738326	1.71399407864154	NA	0.221353960999063	0.287164578460269	0.046868978278475	0.191013694543019	0.361368252552913	0.0875390048084495	NA	0.354802489613509	0.349379814043073	0.975723827853317	3.63480511707693	0.000278190845197424	893	87	1	0.00868257089739671	0.473828628795469	1.388790157879
209	3025	0.531143855127437	0.439880721766866	1.90615654981834	0.0562617566501515	0.112031007552285	0.0827255733881938	-0.154461570444131	0.0519792566304569	0.141334005131482	0.0674585178634447	0.930039801592931	0.707525437707911	0.375586870832884	0.929399992157675	3.6339247327092	0.000279142325238846	907	79	1	0.00868610442680157	0.424819699122735	1.3424047252059
9600	7355	0.540593195355597	0.330379176715144	NA	0.110681365707869	0.330890956228306	0.252415518481239	NA	0.0672421242035144	0.139595640700816	NA	0.923702165434439	0.411835792379067	0.44992012365302	NA	3.63007433853021	0.000283339605132937	868	101	1	0.0087903143364895	0.312992042497631	1.2422814296886
2913	6175	0.830844652687094	0.705158194437943	-1.61675208236547	0.148122086869963	0.447978651069127	0.437655694081345	NA	0.0156734647039146	0.057819643883601	0.135267398069156	0.8863359271475	0.47230168446477	0.167503498439598	NA	3.62716602292639	0.000286549056759178	796	11	1	0.008810745774892	0.158834532796667	1.11638491296465
798	782	0.810943969020677	NA	NA	NA	NA	0.371755267492583	NA	0.0485412201293177	NA	NA	NA	NA	0.23105036953906	NA	3.62359446920112	0.000290537018005521	701	39	1	0.00890693662891482	0.59134961825663	1.506655540643
2399	3938	0.466654312774567	0.917873139282129	-0.160720171114207	0.460403741649992	0.145790263096975	0.0956601443461995	NA	0.0626157973323757	0.0209815295485978	0.836357077540781	0.630263154896643	0.77792950767142	0.24283833420422	NA	3.61437650255341	0.000301071282795995	796	45	1	0.00914868220625249	0.320943571672609	1.2491472666309
6984	2833	0.250897829539662	0.499883626309526	NA	-0.0160461502601041	0.382682300764303	0.162909312852728	0.285046995358159	0.316706553463605	0.0515935516150605	NA	0.986994953674361	0.245907554714017	0.384377155793866	0.929399992157675	3.60529767950966	0.000311795322214925	822	100	1	0.00931355661314554	0.260895652427379	1.19822235290832
7022	1807	0.307709039333854	0.53221439415775	NA	-0.14410999122652	0.518461395599074	0.0643958254165167	NA	0.141469240259511	0.059535313384717	NA	0.915941561321115	0.166327077060395	0.656848783458676	NA	3.60521883930319	0.000311889996599257	821	101	1	0.00931355661314554	0.255734132656135	1.19394314074933
7309	8171	0.3763498104118	0.179507743771246	NA	NA	0.344131167189381	0.305928074140041	NA	0.108448998752472	0.30933760538781	NA	NA	0.441341710184442	0.167612044481921	NA	3.60040308625207	0.000317724239559336	843	111	1	0.00946051313308575	0.301479198878117	1.2324073561676
2487	4043	0.394264116733492	0.313444987733326	-0.133403967205276	0.296275049264032	0.569514518631946	0.124637900678634	NA	0.149386450342439	0.0842834623955048	0.831518980364646	0.773802260097519	0.149178535443811	0.63439343586842	NA	3.59690057011874	0.000322031508944276	796	80	1	0.00956129081856902	0.260788767639359	1.19813358362967
4557	5642	0.249861813060267	0.388589496646668	0.652789503436656	0.266622626418448	0.336542476246178	0.105967230693329	0.161138593390144	0.310648994976394	0.121292255094367	0.221590897809842	0.738859599580338	0.392996906765772	0.382477379263647	0.942384793048429	3.59357314954333	0.000326174022698744	909	79	1	0.0096566149234411	0.308787391413099	1.23866614328919
2208	9437	0.524648479916378	0.507566198079016	NA	0.248921942451084	0.473895276078697	-0.201375555441324	NA	0.0515277297430259	0.061473068644468	NA	0.795281169156638	0.140242454739466	0.351586098866491	NA	3.58540525372181	0.000336555175423081	862	101	1	0.0097760629110188	0.31073126821677	1.2403362379244
4148	4461	0.735864674518252	0.552267940246113	0.279185629703181	0.596842727420652	0.386970711036992	0.121195984691793	NA	0.0448783993107492	0.117886259158065	0.795588242211473	0.683415501197432	0.503723936992708	0.645884999984013	NA	3.58045650134512	0.000342994442131817	908	11	1	0.00990002342442866	0.44538794460283	1.3616802267732
1766	2158	0.511211940675316	NA	NA	NA	NA	0.33257870729846	NA	0.0986535601974222	NA	NA	NA	NA	0.111381123491467	NA	3.57501087309708	0.00035021334128138	701	149	1	0.0100309276514139	0.421895323986888	1.33968639677152
338	1390	0.981449061945775	NA	NA	NA	0.194869963839542	0.612243105471329	NA	0.0515277297430259	NA	NA	NA	0.60203505655947	0.135036084170785	NA	3.57373035005284	0.000351931358282265	709	144	1	0.0100460405909665	0.596187377085549	1.51171625712048
33	8611	0.916197139439777	NA	1.19229202797308	NA	NA	NA	NA	0.0559933374067128	NA	0.117617464641987	NA	NA	NA	NA	3.57242709421256	0.000353687966160976	732	132	1	0.0100684469927473	1.05424458370643	2.07663056763055
6865	7306	0.386578893637596	1.57138447246365	-0.326862211349136	0.0303582151598185	0.69366723900664	0.000712386854033298	0.0589196875569513	0.0905421111137304	0.00327569557430545	0.830832552782145	0.985682407491319	0.172301866450784	0.990142086729865	0.96533127078414	3.57031769457938	0.000356548530964007	797	44	1	0.0101220708982166	0.344965526189936	1.27012063210482
5033	4514	0.344693964923541	0.80473263154645	-1.02108158539955	0.410487538236772	0.422019157434734	0.101076759185425	0.594379101613344	0.109559103579161	0.0257686328122026	0.245132902958688	0.790600552799783	0.451845317852515	0.25387148336753	0.929399992157675	3.56497171325193	0.0003638954323959	797	44	1	0.0102743446062297	0.236615366791531	1.17822524233737
3264	7659	0.56481781288948	0.459952359316544	-0.753971059816334	-0.216435129913165	1.29955274102295	0.278226656896976	0.250965988867021	0.0890731956916296	0.151850333943446	0.313169402706091	0.805235200652718	0.0963974881735947	0.220546130836121	0.933016440633298	3.55703383269897	0.000375065867050717	765	79	1	0.0104009950710925	0.269015624180496	1.2049853647429
9010	1274	0.374873046407837	0.853417400181058	NA	-0.244079736171519	NA	0.282132875050186	0.0775486437293065	0.14360906174074	0.00847775442593354	NA	0.897668905679388	NA	0.168727582351133	0.963606321758969	3.53821158361101	0.000402847111463212	813	66	1	0.0107904905592225	0.268778445839374	1.2047872820361
4259	4838	0.52798068498524	1.00633542295199	NA	0.115227819199237	0.119637820095017	0.43759084303205	-0.0780050671939989	0.0888036664006848	0.0130156227844022	NA	0.916320216092096	0.758228518847726	0.168727582351133	0.958560876741704	3.53810693023182	0.000403006817076834	867	62	1	0.0107904905592225	0.354794587178256	1.27880349058782
4591	3899	0.398814068145049	0.176733225554113	-0.660228832856149	0.190426328970484	0.325796425707221	0.158821475367198	0.339712315182496	0.0665511656228084	0.244137007096204	0.285355140078362	0.892056113401626	0.401867095009205	0.168184023664103	0.929399992157675	3.53753976816569	0.000403873360437901	797	79	1	0.0107904905592225	0.132867858010059	1.09647115397642
421	8719	0.408328924563297	NA	1.44612757171662	NA	NA	NA	NA	0.0931267979264931	NA	0.0768020092684015	NA	NA	NA	NA	3.52804718623828	0.000418637523030396	732	132	1	0.0109820810471923	0.927228248139959	1.90161903296226
4845	8188	0.189442067674703	0.931463514753067	NA	0.055444721690483	0.0971619412511426	0.147923852670969	0.215931165754109	0.186123714794194	0.00545872533198454	NA	0.928874136996186	0.863175378849305	0.249972178127085	0.929399992157675	3.51846413908865	0.000434052475555058	869	62	1	0.0112723101546404	0.272894543965746	1.20822952274889
353	23	0.570073644338985	1.46765681771576	NA	0.0547159713306211	1.34212192883711	0.105510854492847	-0.00204391695614081	0.248869679891423	0.031888890134332	NA	0.981987064451883	0.137622518395707	0.668720868075392	0.998721335394231	3.516663864746	0.000437006818505337	867	62	1	0.0113206616333808	0.589672549959864	1.50490513871215
6632	814	1.31869712842753	0.743582300308413	0.193027181432478	0.120644877921682	0.475676446973848	0.424758123187475	-1.18232827009752	0.0350289364759172	0.0823953108351718	0.888259826697718	0.950872837842865	0.401867095009205	0.173867090207736	0.223589836834775	3.51454706351827	0.000440504608195225	907	10	1	0.0113544993784053	0.299151112593415	1.23042021623637
7933	1575	0.863868205934518	0.578531382522895	NA	0.0333998811622447	0.56689320157942	0.327843278678568	NA	0.0590260704861282	0.153127652541438	NA	0.976733842804161	0.448962447339481	0.428838437073497	NA	3.51233379424162	0.000444189735792744	868	101	1	0.0113928070353575	0.474107189975529	1.38905833678389
8060	5115	0.27580351622463	0.0442173195242148	NA	0.110686862969875	0.221878035287212	0.137132544639242	NA	0.0843542150064548	0.752926559846262	NA	0.915773698809981	0.257055262973121	0.271467882137677	NA	3.4887235002181	0.000485332895833634	868	101	1	0.0121473900160099	0.157943655729035	1.11569574811882
9161	7206	0.493076782003868	0.693919714599302	1.19872133281075	NA	NA	-0.124020218078986	NA	0.0455483748465318	0.013587711532405	0.121386489914173	NA	NA	0.4775671008822	NA	3.4755016127238	0.000509898926773555	886	5	1	0.0125799349505418	0.565424402833734	1.47982277005708
5824	5537	0.157673009883162	0.569990499662025	NA	-0.122212262566119	0.322719016723093	NA	NA	0.236703868129692	0.00893056596035799	NA	0.893956625163455	0.253232784601209	NA	NA	3.46920147825708	0.000522007824870441	818	65	1	0.0128176423727666	0.23204256592554	1.17449662358086
7346	8254	0.525366639278005	1.25792239702221	-0.649239605085282	0.167164231784136	0.321153847698007	0.281884022184258	-0.112259658616502	0.0603419341482298	0.00611433208515168	0.527623489509955	0.919036370086861	0.630066150273223	0.124793498149549	0.937414298935745	3.46811093198731	0.00052413087813985	795	44	1	0.0128393478942911	0.25599883918069	1.19416222622903
5645	9213	0.492284005700831	0.378516092010031	NA	0.165757086334291	NA	0.510541611490535	NA	0.0648272242758965	0.125208752481207	NA	0.925913009624724	NA	0.350677625464615	NA	3.46569746599159	0.000528858007535105	859	105	1	0.0128941804095971	0.386774698883922	1.30746714958811
2178	9104	0.347076139945842	0.58707675738063	NA	0.00485999539677984	0.603253385496275	0.0538693764183193	NA	0.362571766113547	0.0687062745428533	NA	0.997398790468525	0.115489040400007	0.726096918096403	NA	3.45804098457219	0.00054411860265291	868	101	1	0.0131119929318359	0.319227130927569	1.24766198231907
6521	6841	0.261896024900856	0.197864721245086	NA	0.278912138309991	0.420901062332991	0.00738722065380593	0.397112743338118	0.213105709692673	0.349917798907421	NA	0.805235200652718	0.187750328397509	0.967929907212919	0.929399992157675	3.43974253522974	0.000582267812755832	869	100	1	0.0136789556561823	0.260678985130141	1.19804241460017
2698	4550	2.087869109679	1.35397973310904	1.37437219383709	0.0998083904848803	1.17368604783937	0.918462027909507	-2.18297159283116	0.113531687578341	0.151680628426432	0.228107479932298	0.977176745794035	0.293013166577621	0.239769211430126	0.223589836834775	3.43079963694956	0.000601804926588345	907	79	1	0.0139585743407418	0.689315130003961	1.61251784917051
2436	6006	0.53250502804252	0.534105278876861	-0.753344824463868	0.211093703079091	0.600864072586238	0.364449298830955	NA	0.0633531866851403	0.153221085517318	0.553508933694782	0.902693829573412	0.26426131174651	0.408156720257752	NA	3.43031107843019	0.000602889636926118	796	80	1	0.0139585743407418	0.248278759491966	1.18778915013221
8287	1188	0.782016402971064	0.468513634040834	NA	-0.0545808512723758	0.27361907195043	0.0728413714740448	NA	0.0851898214701925	0.22057944591831	NA	0.951702816483482	0.19061920890191	0.720445802159752	NA	3.42723432280992	0.000609762650894963	821	101	1	0.0139585743407418	0.308481925832799	1.2384039050422
5292	2017	1.14048193028134	0.585644945287454	0.556567241118675	0.748210847917335	0.452740524873814	0.195397373913487	NA	0.0515277297430259	0.241173707766302	0.645458076573744	0.630263154896643	0.508712801577466	0.677960373679273	NA	3.4270966423138	0.000610071906478993	908	80	1	0.0139585743407418	0.613173810565351	1.52962054981167
4042	4163	0.56143312588666	0.866969609748448	0.0659541788333433	0.130448927840913	0.851519712132098	-0.810578298152713	0.187957454082531	0.0566420559395912	0.00177142655979979	0.899167664734449	0.925913009624724	0.236631173705567	0.266935935597313	0.929399992157675	3.42705039889623	0.000610175810396463	905	44	1	0.0139585743407418	0.264814958624469	1.20148193647992
318	1387	0.393318389119665	2.00155953127932	NA	-0.245172910830728	0.723296696296925	0.218374077541288	0.00213863743852638	0.234809374845005	0.00517345911356895	NA	0.897668905679388	0.254731598604097	0.547624187468789	0.998721335394231	3.42556740037199	0.000613516691717164	822	62	1	0.01397199991115	0.515585736807499	1.42957443174967
6344	6526	0.251028504176107	1.03339749637156	0.367729228543492	0.167713647975559	0.330197710249546	0.00712843673259833	0.168077060597613	0.109970518500342	0.00590876744967017	0.522020661131128	0.918457099505923	0.519430248659952	0.901868014995785	0.942384793048429	3.41963416925993	0.000627054014425754	909	44	1	0.0141558468354677	0.332181726378068	1.25891574048064
3344	1354	0.585428573155444	1.11737828245133	NA	NA	0.696373476117943	0.569206250008321	-0.882035453887664	0.180570738551026	0.02957181525439	NA	NA	0.276047729502439	0.222192027713358	0.574214172715865	3.41474173819108	0.000638425138322463	842	70	1	0.0143812201810812	0.417270225569075	1.33539840812828
1063	1572	0.646069566955738	0.552695713245562	-0.308988880959041	0.171471430036299	0.975947892802181	0.359754391697045	-0.0897261307175627	0.0436082610973512	0.242069993463832	0.79555072684044	0.925913009624724	0.319657060460118	0.234947449705567	0.959445265449831	3.40397824650384	0.000664120421420389	795	10	1	0.0148631010945099	0.32960342615146	1.25666788908721
8228	9623	0.31278800884368	0.273593265071215	1.65838307364702	NA	0.388234342341766	0.118703351784369	NA	0.271012632369599	0.273596716693429	0.0828548506593982	NA	0.361817937055564	0.647279832299181	NA	3.40087684433884	0.00067170082078416	892	88	1	0.0149359740449903	0.55034040833761	1.46443119223302
7643	9527	0.269336423779582	0.727853847805921	NA	-0.16518564851322	0.376672020187922	0.128317991856193	NA	0.151626581014161	0.014340108924402	NA	0.855689110947424	0.442745889738588	0.383411029577027	NA	3.39881090683329	0.000676794909214795	821	63	1	0.0149849334386404	0.26739892702328	1.20363580351282
7218	7846	0.453603945020682	0.685549086899678	1.39623058992169	-0.0248590069985601	0.128344060986929	0.240727239110857	NA	0.121695415839073	0.04122210236818	0.099186701418742	0.981987064451883	0.822016237233308	0.481983693358179	NA	3.39496836006873	0.000686365320545113	883	45	1	0.0151644295340905	0.479932652490213	1.39467855881373
3962	3979	0.729856545484945	0.348127052848437	-0.433369157807696	0.21935914846237	0.322102340615764	0.320315742516982	0.205306818244145	0.0700076591501265	0.351375036031583	0.708258318122252	0.930039801592931	0.536175059240965	0.0869514021111711	0.92952212894874	3.3924103384446	0.000692806020679892	797	79	1	0.015209440648909	0.244528355766421	1.18470540507325
5656	5982	0.410528579800093	0.350936831339752	-0.973830909419526	0.205389287381704	0.329227907295137	0.0947066461262054	NA	0.0891962028709805	0.147854480399856	0.223309134849861	0.780776316906251	0.148102159937329	0.470702444907017	NA	3.39091545737046	0.000696595857460736	796	80	1	0.0152170890732086	0.0694930570872276	1.04934789262106
5904	4012	0.311442028816343	0.614441442136503	NA	0.593026382664257	0.305096720032203	0.172320354464951	NA	0.163668407038878	0.0448977351969376	NA	0.46990723932699	0.677099440543902	0.506824687880732	NA	3.39053634022463	0.000697560056917013	868	63	1	0.0152170890732086	0.399265385622851	1.31883619380767
3611	3528	1.13431503618289	0.701350778918698	NA	0.106724005823234	NA	NA	0.257141324431478	0.0448783993107492	0.152365720165822	NA	0.922990112452298	NA	NA	0.929399992157675	3.38766242896168	0.000704909643960194	857	20	1	0.0152850730470494	0.549882786339075	1.46396674920478
2395	2123	0.285259955559424	0.419587216984797	NA	NA	0.455316104411397	0.124789420942713	NA	0.293775704195784	0.0804478138874383	NA	NA	0.276078908458451	0.464461976896028	NA	3.38758766184783	0.000705101806262265	843	111	1	0.0152850730470494	0.321238174474583	1.24940237242288
5034	5904	0.844994876694398	1.15648509308924	-0.241880659232089	0.442163819766532	0.3498872811581	0.196066061797959	0.117600973223654	0.100113892565878	0.0134815838219166	0.780285394385483	0.779169308705001	0.507719387534641	0.465831109089152	0.972796950220214	3.38460503050514	0.000712807422809325	797	44	1	0.0153877302398963	0.409331063785399	1.32806988348843
1370	1809	0.478593273274399	0.64746648499313	-0.273161075674984	-0.00457623319817202	0.62283378215216	0.0948230543038999	-0.289479456748355	0.0700076591501265	0.0846426789786767	0.785536709247464	0.996851494114951	0.256196784963987	0.230242836498827	0.929399992157675	3.37734177055015	0.000731900485227088	763	79	1	0.0155130390457416	0.182357118443154	1.13473633786186
8887	7739	0.670017557335072	1.47895860674998	0.0877022830550125	-0.0045069189113045	0.243616936842043	0.305388587292951	-0.0501029843888006	0.0693781300098315	0.00355555485833583	0.928375710760087	0.997523109630331	0.730284098717249	0.27708524384276	0.974939993424894	3.37228194190831	0.000745480919413177	882	44	1	0.0156576666923443	0.390153438282136	1.31053277857002
4030	5461	0.423880549430788	NA	1.34722960375604	NA	NA	0.294265405917356	NA	0.113531687578341	NA	0.141482788370934	NA	NA	0.300970295242338	NA	3.36009820123029	0.000779147725111784	734	130	1	0.0161794162877922	0.688458519701395	1.61156068957228
8968	8720	0.474803532215763	NA	1.44247511108441	NA	NA	NA	NA	0.109092893347116	NA	0.0810471599291571	NA	NA	NA	NA	3.35562386672879	0.000791861865132804	732	132	1	0.0162442914582112	0.958639321650087	1.94347604002962
4220	4703	0.33850687125229	NA	NA	NA	0.405832982155893	0.123205858731694	NA	0.125933115145892	NA	NA	NA	0.276106200310593	0.364578468378486	NA	3.33511591985604	0.000852638481373624	709	144	1	0.0171479859769153	0.289181904046626	1.22194716272931
7180	7765	0.316728465694714	0.08225001707308	NA	0.207632601776373	0.607050044581806	0.0135085261803027	0.49292706276064	0.097492661545083	0.665449895862099	NA	0.842996956094125	0.221823142527164	0.976852698501345	0.929399992157675	3.32914150657243	0.000871141316473478	869	100	1	0.0173926133358346	0.286682786344486	1.21983226924722
6053	9373	0.429268654599325	1.08209640963696	NA	NA	0.521385416902726	-0.0213193654183819	NA	0.19225055761343	0.00458416192779199	NA	NA	0.346354076142702	0.91443621833776	NA	3.32636887463526	0.000879854061295315	838	71	1	0.0174656087799656	0.502857778930157	1.41701769982854
8091	2367	0.363827424909445	0.950102702106877	NA	0.134515690042669	0.337176795012123	0.0333223949397663	NA	0.21282853724161	0.0245539726528338	NA	0.925913009624724	0.431448747039696	0.574436608915237	NA	3.32489576308645	0.000884515977374489	868	63	1	0.0175195163717274	0.363789001402176	1.28680103491948
9879	9856	NA	NA	1.44787975401717	NA	0.292457525576513	0.211292929806485	NA	NA	NA	0.0935229019050124	NA	0.346604952376985	0.21363972428389	NA	3.3232046115018	0.00088989614756696	448	187	1	0.0175306157435149	0.650543403133389	1.56975934742082
5740	3764	0.831757323232353	0.667312940983058	NA	-0.0800153742707135	0.403535876458092	-0.000282951664487996	NA	0.0739715060932248	0.0515796708693627	NA	0.954340462534693	0.30112612693255	0.998069749449848	NA	3.32021134775004	0.00089949323892502	815	101	1	0.0176191851450682	0.36446156294766	1.28740106100247
8512	1662	0.317324991238962	NA	1.27352765475315	NA	NA	NA	NA	0.110979681174818	NA	0.0828912913007719	NA	NA	NA	NA	3.31681762225171	0.000910490297367117	732	132	1	0.017638299719097	0.795426322996056	1.73559017338313
1354	1808	0.522460969635623	0.54544937193895	NA	NA	0.136288276374545	0.371176952139439	NA	0.10233479733799	0.0473175502462551	NA	NA	0.821941826022358	0.267620703128302	NA	3.31628305219737	0.000912233839031495	843	71	1	0.017638299719097	0.393843892522139	1.31388944944748
7703	7574	0.432132113753081	0.532242536654563	NA	0.0279933953513245	NA	0.30232916305831	NA	0.158176803097698	0.121611409122648	NA	0.979623828735877	NA	0.152798873528461	NA	3.31609266034996	0.000912855563672599	859	105	1	0.017638299719097	0.32367430220432	1.2515138893529
7341	8257	0.392981267096055	NA	0.183518909951762	NA	0.321519844890398	0.193586770006839	NA	0.132459274731878	NA	0.767120206764123	NA	0.238212405117648	0.321449663389964	NA	3.31429317038143	0.000918751223838887	738	126	1	0.017638299719097	0.272901697986264	1.2082355141192
694	3107	0.267877484570158	0.430955005394914	NA	-0.154245903665469	0.160583191121889	0.0445614141484274	NA	0.0823008543771399	0.0250835203714777	NA	0.897668905679388	0.420368054816875	0.757966023968512	NA	3.31415864462985	0.000919193384318895	821	63	1	0.017638299719097	0.149946238313984	1.10952812499696
7367	8298	0.629271900351597	1.78926506068492	-2.17714119582755	-0.477222821004377	0.927784183893873	0.595420983344951	0.300102739325876	0.12782633836787	0.0192712750013206	0.0768020092684015	0.738559549267166	0.176695409059409	0.134844979764296	0.929399992157675	3.3126862819057	0.000924045665900097	765	44	1	0.0176659800554554	0.226782978681327	1.17022259432264
9691	5735	0.90943394093047	NA	NA	0.108119502627194	NA	NA	NA	0.0350085502411544	NA	NA	0.918457099505923	NA	NA	NA	3.3071760095474	0.000942416576693805	718	36	1	0.0178525056082289	0.508776721778832	1.42284323833017
8961	6424	0.82213239109884	0.467237850807515	-1.31798595785919	-0.261652120806406	0.517352779969226	0.58040331370248	0.238649601749293	0.0574594421413567	0.0530884054405338	0.155787440908239	0.904161581877016	0.443448259830124	0.134056499871314	0.929399992157675	3.30552830528218	0.000947975284765867	765	79	1	0.0178623817467242	0.149448265523108	1.10914521699705
568	7995	0.521294310481059	0.796363422977469	-1.18233443651912	0.144950598714242	0.261406410971496	0.320527940609498	-0.188248416771922	0.0555297741935495	0.00859162055158378	0.315972441258473	0.931406606013611	0.622493037692208	0.104347307384968	0.92952212894874	3.3053499810669	0.000948578698629632	795	44	1	0.0178623817467242	0.0962799757803889	1.06901342855623
6623	6893	0.174138995219122	0.0114614213002699	NA	0.125143923541255	0.332190129616768	0.0781991399624165	0.150579143426219	0.234809374845005	0.937787737687437	NA	0.867518471541455	0.11785256524869	0.440682158626446	0.929399992157675	3.30186880218973	0.000960429819131692	869	100	1	0.0179314842988155	0.145285458844342	1.10594946035479
7497	8858	0.532438439954906	0.360536408759802	NA	NA	0.405540429684844	-0.183650809944806	0.0895582035499407	0.0350885419823024	0.126703197560568	NA	NA	0.314943580597122	0.697168118603848	0.960371305960403	3.2951301757041	0.000983760967302238	839	22	1	0.0180998878407292	0.240884534400937	1.18171696484056
7824	845	0.893421848069558	1.13911232185352	NA	0.145961987943107	0.0189517323152391	0.0450169239204037	NA	0.0628083086515023	0.00600748028727853	NA	0.857756062164414	0.97612262534102	0.598454363206045	NA	3.2947278228218	0.000985170502043164	868	63	1	0.0180998878407292	0.448492962820366	1.36461403809549
8063	1486	0.457821787103933	0.432707537413004	-1.26219751431051	0.047773936344579	0.543116703814701	0.187368436481067	NA	0.0706299594835008	0.054484401732727	0.0828912913007719	0.970430599630821	0.28817425501663	0.167793838363074	NA	3.26985247402188	0.00107603586526661	796	80	1	0.0190271051807041	0.0677651478077957	1.04809184576048
3885	3805	0.603865942505638	0.447106898175893	NA	0.133426571985402	NA	NA	0.333464838181128	0.123831411143414	0.130255361179389	NA	0.858538924458682	NA	NA	0.929399992157675	3.26882921551597	0.00107993463760447	857	106	1	0.0190635139946465	0.379466062712015	1.30086032167423
3697	3588	0.542010843211997	0.551234164710594	-0.949023902292841	0.257068133145649	0.337690570368432	0.0768901482692534	NA	0.0381237503486939	0.0365526535808452	0.208386360176386	0.805142163736499	0.402733115173428	0.642587625846708	NA	3.26020962856055	0.00111329897075874	796	3	1	0.0194212611030915	0.135978326235514	1.09883770949448
7384	8323	0.789548286643532	0.310666945164568	NA	0.658592173394285	0.46662065237322	0.18006131288395	-0.0818468866991982	0.0592576352456354	0.392311002207212	NA	0.760511113994703	0.343163946843989	0.673020718167908	0.985127212433875	3.26020409308493	0.00111332070017722	867	100	1	0.0194212611030915	0.387273747293393	1.30791949900955
4498	1624	0.348743528035744	1.2086502614915	-0.683241788660581	0.0647235131425674	0.802642711395656	0.120126290468187	-0.0951703250996072	0.115749011458399	0.0112940405277315	0.467792544959481	0.946698669652025	0.250550476417696	0.409794341445652	0.942384793048429	3.25621709870506	0.00112907384175287	795	44	1	0.0196501631522834	0.252353455824781	1.19114864135402
2104	6579	0.396473760007139	0.776472016761479	NA	0.235167594846052	0.321119308032022	-0.00184775446415131	NA	0.22252321308758	0.0146497835856976	NA	0.894211935794291	0.319657060460118	0.995389147574603	NA	3.25509315059655	0.00113355179854802	862	63	1	0.0196748136290697	0.345476985036508	1.2705709903428
378	1763	0.408832246134024	1.14747625652248	NA	-0.0440554390845618	NA	0.155613496742312	0.0311874628812632	0.106651036643906	0.00338623484166507	NA	0.964929361854283	NA	0.62136749638532	0.985347307071338	3.24947365401331	0.00115618787524352	813	66	1	0.0199320585361947	0.339810804639104	1.2655906132418
581	8616	0.457570537491821	0.74433485711496	0.0156213922187973	0.457277710607904	0.470296251436094	0.0957934437029166	NA	0.150140418736986	0.0458433550298924	0.987306316816261	0.654018771915351	0.361817937055564	0.856410648542377	NA	3.24892405527224	0.001158424014023	908	45	1	0.0199320585361947	0.373482365428749	1.29547606918248
8261	7696	0.416664957873518	1.11990580391028	NA	0.0698916483857666	0.407506897809433	0.328345588801417	-0.229847843974808	0.144713648608758	0.0114707997342585	NA	0.963547281969917	0.529922232176677	0.251863624951104	0.929399992157675	3.24664057818709	0.00116775760971488	867	62	1	0.0200005030609349	0.352077842134268	1.27639763635324
891	8030	0.584202407551009	0.151726692998449	NA	0.220696687794291	0.184225979299278	0.242095602617178	0.112258709939536	0.0499901320717369	0.434711836156297	NA	0.78126948323458	0.671455719285413	0.401322604273898	0.937414298935745	3.23743725124368	0.00120608460066052	869	16	1	0.0204876207082694	0.249201013366624	1.18854869620728
2461	2721	0.587549193560633	0.810822965840634	-0.393238063674723	0.0777295958755433	0.485331340002463	0.131823201423748	NA	0.125649131739055	0.0160136543204612	0.645833358915233	0.964487937673554	0.323605494386742	0.603827797465206	NA	3.23611006798854	0.00121170651144387	796	45	1	0.020549431868382	0.283336372171383	1.21700607712328
2943	4455	0.307794636133658	0.881565706275618	NA	0.0973465112222982	NA	0.111674307138914	NA	0.311623505536366	0.00547956965592628	NA	0.925913009624724	NA	0.380330717862387	NA	3.23252326598786	0.00122702143646491	859	67	1	0.0206402534491062	0.349595290192622	1.27420313330472
2278	7872	0.526848257015568	-0.17203735849721	-0.473188555750051	0.278692740220665	0.496728097711133	0.25303179597946	NA	0.036623570531405	0.41230781572189	0.520523638576562	0.760511113994703	0.137622518395707	0.21123967457596	NA	3.22570195705765	0.00125664142592474	531	11	1	0.0210420980641627	0.151679162779928	1.11086165953124
2202	4892	0.307981711445441	-0.0180985841797519	NA	NA	0.738979380740055	0.233284509779736	NA	0.171474352566765	0.937787737687437	NA	NA	0.0630171248016768	0.598711656927701	NA	3.22561974997076	0.00125700238387538	574	111	1	0.0210420980641627	0.31553675444637	1.24447457373343
9313	8387	0.267224600237881	0.449578334570241	NA	0.0615625482073892	0.490393908133854	0.0764419945000281	NA	0.340035500301652	0.115081310441014	NA	0.951702816483482	0.148102159937329	0.733626200276146	NA	3.22232892071173	0.00127153074233366	868	101	1	0.0212167496812583	0.269040277129879	1.20500595585618
8285	3527	1.02799815667142	1.4833254000284	-0.817726299135113	0.279613708992484	0.237404811174143	0.348313456913207	-0.0599350979252673	0.0512202301949014	0.0131180905555669	0.591038585225827	0.884838147806559	0.764146177281724	0.260228104597298	0.987477916788129	3.22110526925706	0.0012769723436421	795	44	1	0.021273291679774	0.356999162388468	1.28075911773609
290	1136	0.513340847446869	0.755058663184316	NA	0.206156452044693	0.0082304234847026	0.14231132572041	-0.0556208522734547	0.110290836184619	0.0158688713169741	NA	0.805235200652718	0.983459116208687	0.179929529951139	0.965711645680341	3.21947312043429	0.00128426400313675	867	62	1	0.0213340883821959	0.261579476601256	1.19879043389964
2242	7477	0.425937457889746	0.0649321516988071	NA	0.140247020253817	0.317911149546308	0.0928128511253394	0.420097644067343	0.208024372523779	0.805833288690628	NA	0.904922366567848	0.230554641846165	0.48307030730118	0.929399992157675	3.21831234939678	0.00128947313755945	869	100	1	0.0213442821907205	0.243656379096893	1.18398957579571
7942	7669	0.24078348100356	0.749483669385679	NA	-0.129984225929903	0.30834963965834	0.222361776256111	NA	0.225378475551772	0.0251458805048555	NA	0.925913009624724	0.676395171176064	0.179077436778743	NA	3.21406071568212	0.00130871996753212	821	63	1	0.0215435573254066	0.278198868074757	1.21267996922386
8668	6281	0.600760040683764	NA	NA	NA	0.454915001660476	0.317940219485481	NA	0.22390686288328	NA	NA	NA	0.299514825163211	0.233395364675028	NA	3.21381763971944	0.00130982832609594	709	144	1	0.0215435573254066	0.45787175394324	1.37351413167165
5878	6431	0.284801415745934	NA	1.81069714036932	NA	0.375837334196911	0.174583238623317	NA	0.267138296973442	NA	0.0755873351140779	NA	0.534072802311018	0.360303445839241	NA	3.21163263996857	0.00131983027618676	738	126	1	0.0216736629506295	0.66147978223387	1.58170415681668
5206	6195	0.462481051318091	0.538018736725419	0.136278256364643	0.291699960244988	0.374229875070177	0.178296412137236	0.62763927938543	0.132947970962656	0.130812084840182	0.808590903515677	0.903032762178729	0.542563703858839	0.524249442869824	0.929399992157675	3.21012512545744	0.00132677203715192	909	79	1	0.0217188180868376	0.372663367320855	1.29474085396305
3602	2365	0.106588876169643	0.613274028349837	NA	0.39833968801642	0.181021128059172	0.0420287558461858	0.473809537755327	0.626250853827917	0.00627573562769139	NA	0.569691240847531	0.542563703858839	0.752272742640967	0.929399992157675	3.20770308244076	0.00133799557022685	869	62	1	0.0218679970010893	0.302510335699431	1.23328850901572
450	1400	1.34578310784436	0.971696995691783	NA	0.768696877341712	0.901880551261698	0.111205107373564	-2.08656767488739	0.0626157973323757	0.0968581986273206	NA	0.82371956190775	0.20885998810753	0.868115489864095	0.696353066317217	3.20048216613296	0.00137197859547222	867	100	1	0.0221439909755189	0.335449160770954	1.26177018030238
2285	5728	0.645242727438957	0.978409521970732	0.330907483102997	0.573051180876107	-0.0190875712036123	0.18529331982219	NA	0.157417810432878	0.0225890748839923	0.65296695517057	0.616034610475944	0.978702589726677	0.247244328277151	NA	3.19958655314576	0.00137624856798735	898	45	1	0.0221606652922185	0.448969443667895	1.36506480545802
4263	4871	0.55672220679649	NA	1.19085241418021	NA	NA	NA	NA	0.0803536779130634	NA	0.155550500559494	NA	NA	NA	NA	3.19936871764887	0.00137728898361211	732	132	1	0.0221606652922185	0.87378731048835	1.83246711772332
6923	7395	0.112418257434094	NA	1.60836576844792	NA	0.176144579608859	0.156355422544856	NA	0.582142904154202	NA	0.066071330497056	NA	0.524920246473317	0.192929111075163	NA	3.19820285370841	0.00138286966895329	738	126	1	0.0221815719964303	0.513321007008932	1.42733205905502
6723	7079	0.18518951654566	0.232042549920124	0.826291640622876	0.170589732055326	0.275869053893106	NA	0.0523638095656729	0.382417601092103	0.177391664864747	0.245296464122774	0.773802260097519	0.299514825163211	NA	0.970701208804484	3.19495455160159	0.00139852862005796	906	81	1	0.0222604509386184	0.290391050433794	1.22297172598917
7327	8204	0.271867452622478	-0.0380582990022766	NA	0.0668572818789954	0.334417517398073	NA	0.126005959232513	0.101794743635142	0.817289693045172	NA	0.918891800000552	0.109974507352108	NA	0.933016440633298	3.19145191802348	0.0014155967045304	594	102	1	0.0224631134032833	0.152217982425957	1.11127662309423
6578	6740	0.259379866673155	0.505943300110804	-0.76830679311743	0.257026457924342	0.351779838535508	0.199079525931856	0.109551258884465	0.219696421278138	0.0237746196611466	0.321283130995517	0.671785384112003	0.45535711980858	0.269451236430729	0.933016440633298	3.19005347705667	0.0014224646932941	797	44	1	0.0225031742777305	0.130636207848957	1.09477637552756
2729	57	0.22171041024399	0.331109737329615	NA	-0.0543896660461289	0.635591040393733	0.0464256695899508	0.141120017080926	0.277650020073105	0.223651877528222	NA	0.960826782241479	0.139300493306203	0.690236376540522	0.92952212894874	3.18191546832015	0.00146304513299023	822	100	1	0.0230956781045261	0.220261201432014	1.16494448178197
560	7498	0.213011880186075	0.310651611469906	NA	-0.16926870856382	0.348812712589082	NA	0.580538201678944	0.374290959066291	0.0843560648366955	NA	0.906328868538368	0.29249463554399	NA	0.929399992157675	3.18112172342239	0.00146705974505412	819	102	1	0.0231028466234814	0.256749139472037	1.19478343394571
3878	3790	0.419790955775467	NA	NA	NA	NA	0.15923023799901	NA	0.0700076591501265	NA	NA	NA	NA	0.292130551408328	NA	3.17094636740311	0.00151943193478887	701	149	1	0.0236276032538918	0.289510596887239	1.22222559374211
3059	3947	0.494614571811431	-0.166412610178695	NA	0.00483218813092634	0.437972470299417	NA	0.359180549368279	0.0512202301949014	0.370119623558019	NA	0.994995897891109	0.140242454739466	NA	0.929399992157675	3.17066498005814	0.00152090439783303	594	102	1	0.0236276032538918	0.226037433886272	1.1696180119622
9542	7130	0.208643549955356	0.224868778505087	NA	-0.210568673151386	0.396349580979358	0.268388723464541	NA	0.295571914258456	0.299468684693653	NA	0.824544514501355	0.246805808912276	0.156944488352801	NA	3.17019149379832	0.00152338505626837	821	101	1	0.0236307125045701	0.177536391950591	1.13095097491945
2589	5994	0.478659138924791	0.415165162449334	NA	-0.160231617552679	0.0859699988797376	0.241474288990499	NA	0.0656646524240535	0.0454001670197886	NA	0.871651821884323	0.818849269758381	0.270574871322319	NA	3.16344274503335	0.00155915016658348	821	63	1	0.0240691243840927	0.212207394338337	1.15845932831525
4198	4642	0.359019238614453	0.509808940196366	0.168687767877402	0.227165233360267	0.697512393587406	0.0390664459509935	0.0900191691144432	0.339667640419596	0.18513555658244	0.77804599412573	0.933726704277913	0.135646109985837	0.648789643576842	0.942384793048429	3.15394765128137	0.00161077976859025	909	79	1	0.0245093978885935	0.298754169814476	1.23008172527175
8299	3531	0.839258762944552	0.80221623233602	NA	0.363668589403678	0.413886204319111	0.0192823825303456	0.0667182033711953	0.107583893050137	0.0674243130595951	NA	0.651984008019768	0.493123992004927	0.954962408742032	0.985127212433875	3.15018023957552	0.00163169763964888	869	100	1	0.0247627883462718	0.41750506248415	1.33561579736058
2411	651	0.294142304697297	0.206088008845889	NA	NA	0.226019099553485	0.301992473560505	NA	0.277039075461479	0.153077707237368	NA	NA	0.552237714415727	0.188338076059547	NA	3.14722075954848	0.00164830462394994	843	111	1	0.0249066779063793	0.257060471664294	1.19504129487541
401	5170	0.755798038690486	0.309633300787409	-1.12811627094964	-0.210114681424418	0.317047479046849	0.655202111925336	NA	0.0519792566304569	0.0526204885681377	0.117671198375546	0.875622079635888	0.390560043434745	0.134844979764296	NA	3.14668788386238	0.00165131130299967	764	80	1	0.0249066779063793	0.116574996346004	1.08415797960421
2813	8096	0.4670278102188	0.129670730543747	NA	-0.0702006532415673	0.490223210669457	0.048424430639864	NA	0.0947277228946951	0.699957926198531	NA	0.927694351811711	0.135646109985837	0.678396181722162	NA	3.14378237017234	0.00166779423228269	821	101	1	0.0250459186013235	0.21302910576606	1.15911933641398
3206	3986	0.729988816533013	-0.0575221089816917	NA	0.486419102446872	0.353919386612473	0.286528872292944	-0.044990657119671	0.0843542150064548	0.857437374884606	NA	0.607399546151515	0.363689445361529	0.206031124735225	0.985127212433875	3.13934864340786	0.0016932386089088	595	100	1	0.0252603471556481	0.292390568630657	1.2246678915101
3624	3446	0.448044312025438	1.13960483754525	NA	-0.00625893343654393	0.209857334585297	-0.086237308844149	0.321719915786812	0.101910064780667	0.00209003279014606	NA	0.995672666071298	0.553130724098186	0.652481921793164	0.929399992157675	3.13850028556645	0.00169814769624299	816	62	1	0.0252748895906165	0.337788359610351	1.26381768540308
4116	2898	0.21077952222997	-0.249755326629034	1.44970791681641	0.163455816704542	0.362219232630622	0.20000205398922	NA	0.428137452795969	0.240461980526369	0.066071330497056	0.837169801647463	0.293941894074732	0.116909633059713	NA	3.1311867268426	0.00174101424102857	623	80	1	0.0257352204929216	0.356068202623622	1.27993292054697
4938	9161	0.350778893359551	0.207518344610613	NA	-0.00252429127587828	0.264380580327432	0.221806155991468	-0.020019103897412	0.0970594016646479	0.297088913833748	NA	0.997398790468525	0.434989269143299	0.268193837204995	0.986177412599642	3.12256443134047	0.00179282858494911	820	100	1	0.0262762231927053	0.170323429852629	1.12531073362603
1341	176	0.718109925647895	0.650112282424114	NA	0.479191946844825	0.1509674292084	0.169317148248224	0.234113070114474	0.238666808421109	0.0608635639400692	NA	0.730780135593962	0.696263337684219	0.513675467073547	0.929399992157675	3.12114209646167	0.00180151083367575	869	100	1	0.0263479595412659	0.400301967081322	1.31978412275347
799	9514	0.316804520422498	NA	0.913955991818035	NA	NA	NA	NA	0.122786568343912	NA	0.0982292781506715	NA	NA	NA	NA	3.12057730508187	0.00180496915239337	732	132	1	0.0263479595412659	0.615380256120266	1.53196172833536
3935	5383	0.313415533061722	NA	NA	NA	0.278609064063429	0.325594599639295	NA	0.15711073761123	NA	NA	NA	0.419969600464922	0.242344313143728	NA	3.11003869433227	0.00187062836829077	709	144	1	0.0269964500727423	0.305873065588149	1.23616649297944
2936	9732	0.253363553505704	0.397783506132797	NA	0.112202781649522	0.214324542929892	0.192904369624154	NA	0.201842660340839	0.0623560514625733	NA	0.926698639932538	0.747661334723404	0.221523076909689	NA	3.10472690458541	0.0019045478320483	868	101	1	0.027295884696659	0.234115750768414	1.17618561460455
7047	4787	0.371957032849819	0.168095233036757	NA	-0.026922831933768	0.130760866720825	0.105596423336795	NA	0.0939507221979114	0.220924016816911	NA	0.966981786594002	0.530042492167988	0.368434646718825	NA	3.09769795766585	0.00195030092025328	821	101	1	0.027759118838453	0.149897344802086	1.10949052328225
3733	3652	1.30584532755701	1.11189726347849	NA	-0.448334037814198	0.946631560113929	NA	-1.05008238447746	0.0542132111326704	0.0700286789492497	NA	0.886748133890202	0.293941894074732	NA	0.929399992157675	3.09499484371724	0.00196816318632265	817	102	1	0.0278355316491847	0.373191545771554	1.29521495236608
271	2034	0.18621243691181	0.878009834314941	NA	0.293926299861507	0.551229621621538	-0.118244176597821	0.199132935584656	0.456422703202363	0.0167910690697431	NA	0.858538924458682	0.166702316821876	0.602898537693123	0.929399992157675	3.09445466651905	0.00197175064953692	863	62	1	0.0278355316491847	0.331711158616105	1.25850518347239
4586	1676	0.470354713180391	NA	NA	NA	0.378858606755033	NA	NA	0.164779528450452	NA	NA	NA	0.225753494512211	NA	NA	3.09018555123735	0.00200031487887165	706	146	1	0.0280857219171654	0.424606659967712	1.34220651030534
8002	7223	0.417835841904877	0.572728169564217	1.34894853369681	NA	NA	NA	NA	0.208265313173004	0.225887641440477	0.0991460381032329	NA	NA	NA	NA	3.08389214512651	0.00204311650151245	887	94	1	0.0286091529576649	0.779837515055301	1.71693749021609
7800	2637	0.18404140295439	1.05464429079206	NA	-0.504853263696583	0.948574052168901	0.113424321280071	0.317330529643723	0.555500009607781	0.0515237212443048	NA	0.671785384112003	0.135646109985837	0.546233941977795	0.929399992157675	3.08169485819573	0.00205825712057095	822	100	1	0.0287047917676395	0.35219355552376	1.27650001573066
9391	1520	0.49469684672325	0.135618473242038	NA	0.0628010985953411	0.403364968257769	0.0197446582310263	-0.189696304271061	0.100113892565878	0.451789232457901	NA	0.930039801592931	0.0834238921672398	0.933730205891695	0.929399992157675	3.07520327306461	0.00210359129854032	867	100	1	0.0290187978776793	0.154421623463061	1.11297533689167
2439	357	0.45212695822993	-0.219895669961295	1.5590068511216	-0.138752285396076	0.257695724802632	0.491664995309032	NA	0.0668017770383578	0.220152993915599	0.182299572940011	0.902693829573412	0.434989269143299	0.0798230025864684	NA	3.07492586097854	0.0021055488642272	605	80	1	0.0290187978776793	0.40030776235097	1.3197894243037
8705	8514	0.263343005533157	NA	1.44464300038147	NA	NA	NA	NA	0.187251728596569	NA	0.074663224746569	NA	NA	NA	NA	3.0739550917522	0.00211241228266346	732	132	1	0.0290422504878746	0.853993002957314	1.80749668715739
4382	5157	0.252623806129976	-0.00697067446268207	NA	0.137172271917636	0.394547015805632	0.0632066237881688	0.102439908917222	0.173547352441129	0.968233027246945	NA	0.857756062164414	0.119950724301608	0.604626982795005	0.960367408883952	3.07349183133964	0.00211569479834983	597	100	1	0.0290422504878746	0.157169825349325	1.11509747354399
8388	6762	0.505480642390751	NA	NA	NA	0.538635624174191	0.279007087976328	NA	0.135077932821145	NA	NA	NA	0.313419265295987	0.474035547761727	NA	3.06716037319574	0.0021610288017917	709	144	1	0.0295416628550997	0.441041118180423	1.3575836717541
2579	7379	0.356401633473344	0.653785186129845	-0.886702178931076	0.21696609576607	0.428472985296452	0.139318037059276	-0.0222682310754401	0.101425685632919	0.00578370817204189	0.158634756526327	0.842201413688351	0.512242056466162	0.283828140797844	0.988831279735363	3.06645964416515	0.0021661004622473	795	44	1	0.029571980223724	0.126567646816924	1.09169333326738
9508	7169	0.592623056322151	0.347492548754627	-0.163861588938314	-0.0922051510228332	0.408265484424271	0.235057093463361	NA	0.0350885419823024	0.307326865953146	0.770714778240417	0.926394136280677	0.434989269143299	0.389552592847956	NA	3.06396194053053	0.00218426696284379	764	11	1	0.0297261846444689	0.221228573833877	1.16572587564319
8908	777	0.513168600479105	0.220630512054456	NA	-0.0154177410608654	0.358072599431777	NA	0.107960442082521	0.0350885419823024	0.289395761614318	NA	0.98049797021025	0.538563076751028	NA	0.963606321758969	3.06154408501741	0.00220198563406337	819	18	1	0.0298261112943329	0.236882882597399	1.17844373834028
6548	6691	0.221090606148337	1.07681630842805	NA	0.214195404779037	0.124707500982916	0.231798103381525	-0.126001602006236	0.295561021820812	0.00591738527395691	NA	0.904288764046099	0.742263943591525	0.168210718095217	0.92952212894874	3.06083475864761	0.00220720869820212	867	62	1	0.0298578283691519	0.290434386952272	1.2230084628818
2010	2606	0.498132566049915	0.541413367938659	NA	0.2272285470269	0.36156234695056	-0.070084334844605	0.109525371499532	0.257824014296138	0.0134815838219166	NA	0.82371956190775	0.299514825163211	0.679690028134859	0.933016440633298	3.05885150992012	0.00222187249370931	863	62	1	0.030017004928052	0.277962977436827	1.21248170385361
7312	8173	0.420663475164621	NA	NA	NA	NA	0.180668988106088	NA	0.075160746584541	NA	NA	NA	NA	0.321201954918412	NA	3.05775967799682	0.00222998336046465	701	149	1	0.0300873536212691	0.300666231635354	1.23171308291878
4939	7480	0.265554783712603	0.0160921448991633	NA	0.0127361820902392	0.256058006039259	0.128744435537129	0.273177906217853	0.192854777651859	0.93699289219114	NA	0.986994953674361	0.284006421362576	0.269431262333201	0.929399992157675	3.05649748626252	0.00223939358277314	869	100	1	0.0301750277044152	0.158727243082708	1.11630189322663
2068	4650	0.363795013485775	0.993896849977037	NA	0.143932683025893	0.203095640685184	0.10861694900702	NA	0.191166961178423	0.00436169500665501	NA	0.922990112452298	0.728927894071918	0.696080789409196	NA	3.05269705644408	0.00226794769224048	868	63	1	0.0304805110077767	0.362667427236182	1.28580104399833
4863	1815	0.301103418062644	NA	NA	NA	0.227494498706689	0.482819865872502	0.467511092379085	0.36445657932342	NA	NA	NA	0.535767993138559	0.193385807334519	0.896536669638073	3.04373534021044	0.00233660601979913	710	143	1	0.0310807594058518	0.36973221875523	1.29211297694374
8896	8588	0.363714987118872	NA	1.47854719718708	NA	NA	NA	NA	0.134603731591048	NA	0.099186701418742	NA	NA	NA	NA	3.04255703204578	0.00234577361219968	732	132	1	0.0311036197340921	0.921131092152976	1.8935993187478
7378	8316	0.430187935857366	NA	0.532118335849045	NA	NA	0.319391657037112	NA	0.179188992339966	NA	0.464332647127405	NA	NA	0.127007413313206	NA	3.04235744377103	0.00234732972708551	734	130	1	0.0311036197340921	0.427232642914508	1.34465180954753
3441	6839	0.673593886974798	0.851459027107069	-1.05739221072326	0.458525432442981	0.17986198330766	0.510024249250794	NA	0.0519792566304569	0.0635679127903486	0.222197643674006	0.805235200652718	0.778277627009353	0.167503498439598	NA	3.04152671749921	0.00235381674812918	796	80	1	0.0311497434790735	0.269345394726674	1.20526083120618
733	947	1.52867757281641	NA	NA	0.505947143645541	0.315413092799361	NA	NA	0.0448783993107492	NA	NA	0.887324923887711	0.539779772021767	NA	NA	3.03505954943078	0.00240488198649746	723	34	1	0.0317040548906955	0.783345936420437	1.721117909755
7756	1087	0.176678266224278	NA	NA	-0.0426864165933214	0.285485078472274	0.0822318704271545	NA	0.204468149519692	NA	NA	0.937975647318307	0.187750328397509	0.382477379263647	NA	3.02880000049589	0.0024552716642996	686	135	1	0.0322044620069272	0.125427199632596	1.09083069314577
2325	4016	0.28428316902052	NA	NA	-0.0796893727613419	NA	0.395401065438147	NA	0.0814678786498873	NA	NA	0.916320216092096	NA	0.135036084170785	NA	3.02728169868029	0.00246763878631984	678	139	1	0.0323107741288082	0.199998287232442	1.14869699126315
1830	2356	0.302530445740818	0.751926584201277	-0.478908189980526	0.217423218264761	0.525932198720801	0.0939140676314825	0.4617153716285	0.192273557951268	0.00962825100763858	0.674111720769546	0.894712176881882	0.503617632012091	0.763160293718805	0.929399992157675	3.02700538400337	0.00246989559113286	797	44	1	0.0323107741288082	0.267790528029588	1.20396255930983
7648	5165	0.137333623585628	0.292417301512097	NA	0.078714969724766	0.401113846181765	0.0231799911032642	0.176910199439452	0.321616787152202	0.115995903840537	NA	0.916320216092096	0.259821744722508	0.893008589942776	0.929399992157675	3.02338991930029	0.00249959949101508	869	100	1	0.0323760624073728	0.184944988591162	1.13677362609111
6525	804	0.383636133333926	NA	NA	0.261589340363002	NA	NA	NA	0.0700076591501265	NA	NA	0.718344156189399	NA	NA	NA	3.02062548724118	0.00252253156283455	718	141	1	0.0325957765998877	0.322612736848464	1.25059333783166
2358	4021	0.14279664929895	-0.00835186593392123	0.65522061039155	NA	0.263234814676768	0.137764785101439	NA	0.445147632688493	0.962480260346513	0.279943593617551	NA	0.245907554714017	0.161007784721623	NA	3.02020941377208	0.00252599967281508	611	88	1	0.0325957765998877	0.238132998706957	1.17946531941944
5089	5981	0.137117744488148	0.401081534357427	0.0936970189132822	-0.151344135483784	0.29043501504947	0.157897930285015	0.0454424095152426	0.441190973188617	0.0224264291174173	0.865554775510822	0.837169801647463	0.257055262973121	0.340898518922713	0.965711645680341	3.01464066848653	0.00257283872132885	884	44	1	0.0329876734225575	0.139189645303543	1.10128635499573
5465	778	0.680895903775006	NA	NA	NA	0.194410240819254	0.11757224940081	NA	0.0140408029117804	NA	NA	NA	0.723025987556408	0.645068839647832	NA	3.01415460244341	0.00257696450787925	709	37	1	0.0329876734225575	0.330959464665023	1.2578496295974
4831	4152	0.428515471503204	0.993202165081449	NA	-0.0359794184102595	0.128322614336634	0.114051216387324	NA	0.100865401299887	0.00687981582117004	NA	0.97581264128164	0.849104759587662	0.599844613427344	NA	3.01320746472001	0.00258502131047256	821	63	1	0.0329876734225575	0.32562240977967	1.25320498169296
2026	97	0.366915790421938	1.53973704421555	NA	0.343211004923647	0.453790689618813	0.246650317688189	-0.661013559105675	0.313955167834052	0.00865197473031401	NA	0.858216554074779	0.389607172165567	0.423186591181634	0.929399992157675	3.01180005836835	0.00259703592372262	867	62	1	0.0331002290794758	0.38154854796041	1.30273942882371
7319	8181	0.669317620992119	0.407911958335001	NA	-0.00812756798698189	0.126443354829648	0.0786453765600488	0.321239287907544	0.121695415839073	0.0636263147410077	NA	0.991611565961847	0.753615489581775	0.766483846561778	0.929399992157675	3.00338133781962	0.00266997646782907	822	100	1	0.033785041841203	0.26590500510623	1.20239007438472
2985	8151	0.176537218441378	0.149592535172241	NA	0.0908397657197408	0.156482699964029	0.117084356427737	NA	0.243765607404194	0.402971905519962	NA	0.902693829573412	0.441216650598473	0.247244328277151	NA	3.00237919063884	0.00267878273987465	868	101	1	0.033785041841203	0.138107315145025	1.10046046428265
2809	7444	0.168633025985172	NA	NA	NA	0.448151212503992	0.0550824130348762	NA	0.348839572270311	NA	NA	NA	0.131614697268723	0.606006058006544	NA	3.00165331781236	0.00268517784489575	709	144	1	0.033785041841203	0.223955550508013	1.16793141004526
7387	8796	0.235879287196739	0.859324799366712	NA	0.200685842956794	0.257525136247015	0.115322790815446	-0.0882909173070878	0.461255433506523	0.0362605157643312	NA	0.897668905679388	0.49456099209758	0.233395364675028	0.970701208804484	3.00161174150736	0.00268554456372416	867	62	1	0.033785041841203	0.263407823212603	1.2003106400442
7901	4927	0.492165703220468	NA	NA	NA	NA	0.133313026496536	NA	0.0573835772216639	NA	NA	NA	NA	0.43340005236766	NA	3.0004681408535	0.00269564951724832	701	149	1	0.033785041841203	0.312739364858502	1.2420638721015
4578	5702	0.439525734299762	0.729370193328561	-0.283915723027227	0.331514869985973	-0.0705958470581685	0.202531368052135	0.392272387935854	0.127117941805516	0.0163667085272959	0.747998073936201	0.515816011751157	0.882671680519278	0.296370173041832	0.929399992157675	3.00028904777676	0.00269723514193831	785	44	1	0.033785041841203	0.248671854788127	1.18811283457767
5451	6280	0.663933493618735	0.822730522292051	-1.64115157072067	0.212307373584783	0.40941596239656	0.346673798532935	-0.508112991929681	0.0353403321968413	0.0246426010438353	0.0880972641620158	0.883113967339545	0.434989269143299	0.157903585120752	0.929399992157675	2.99980203476606	0.00270155128822269	795	2	1	0.033785041841203	0.043685226824959	1.03074340239751
4451	4470	0.344864021458288	0.0969674091589763	0.190617552161668	0.149105132242688	NA	0.248456614852806	NA	0.173091286709645	0.514893280758006	0.72093270361447	0.883706498165941	NA	0.104347307384968	NA	2.99550985517631	0.00273986447507091	902	84	1	0.0340822037103058	0.206002145974885	1.15348732084396
7467	8764	0.634213654409971	0.72454689858059	0.816882145517343	0.0135754241981489	0.0822956709259364	-0.0584774259008434	0.0777851663216467	0.042657642066309	0.041319298286529	0.141482788370934	0.991457757659149	0.869248512321259	0.780773540422966	0.960367408883952	2.99195863856312	0.00277193816265564	905	2	1	0.0343985907083087	0.327260219150399	1.25462848166662
8128	9536	0.184712741731492	0.170263204091954	NA	0.0500525238040899	0.344809490371708	NA	NA	0.276502132930096	0.463421001936856	NA	0.95546908054286	0.139300493306203	NA	NA	2.99154596034894	0.00277568752558466	865	103	1	0.0344039164355362	0.187459489999811	1.13875665871267
2559	7476	0.413722589007832	0.287360223923794	NA	NA	0.252651731572759	0.429180780143225	-0.110406423858922	0.15099370279294	0.21050444491843	NA	NA	0.593527791224004	0.168184023664103	0.937414298935745	2.98657869755112	0.00282118215225591	842	110	1	0.0346937225173203	0.254501780157738	1.19292370799945
2071	2837	0.958064826904461	NA	NA	NA	0.695025831998205	NA	NA	0.202620483498556	NA	NA	NA	0.223131339817743	NA	NA	2.98154510504356	0.00286797795440918	706	146	1	0.0349623383101034	0.826545329451333	1.77343361821983
2261	2125	0.341372247983161	-0.0408495417180248	NA	0.0245024592251095	0.617339473093848	0.0978566787705866	NA	0.0909451070278485	0.803790034688384	NA	0.98120941278328	0.177736194016198	0.448185006852749	NA	2.98035124409743	0.00287918038680135	596	101	1	0.0350567265006619	0.208044263470936	1.15512122439981
2497	7193	0.328975867718372	0.700011731886235	-0.77492586931982	NA	0.528866930646704	-0.223213648760998	NA	0.128579368615698	0.0334975112576334	0.470507699200969	NA	0.0963974881735947	0.539462248565014	NA	2.97868248370369	0.00289490591734443	775	53	1	0.0351251234405566	0.111943002434099	1.08068270590553
2437	5708	0.342176653685678	0.582272168860977	-1.00148007198433	-0.307367416497101	1.13054661451692	0.0462809231451846	NA	0.222986273461459	0.0448977351969376	0.122514686525071	0.781716759628386	0.00357774219699791	0.821646672543542	NA	2.97832547906505	0.0028982803070523	764	42	1	0.0351251234405566	0.132071478621221	1.09586606001103
7222	7853	0.331856276615971	2.71867593909568	-0.419836827101669	0.346950343339691	0.229352240804948	0.0241456460230669	0.125993933623931	0.279192047393886	0.00148359523137113	0.692789872989389	0.839254238355064	0.575622489198174	0.680737646058541	0.933016440633298	2.97462507745104	0.00293346838137287	797	44	1	0.0354686106975329	0.479591078914517	1.39434839274359
7331	8235	0.47037134096682	NA	NA	NA	NA	0.257571923553439	0.480683938997476	0.136688903191612	NA	NA	NA	NA	0.290282541061244	0.929399992157675	2.97376411167069	0.00294171123753983	702	148	1	0.0355268203302887	0.402875734505912	1.32214071860316
3557	3392	0.192257273339905	0.659438873474485	0.98884077039194	-0.0425753881075153	0.114015802909744	0.171907449092808	0.0100651657611106	0.355807396982568	0.0509482461955955	0.0848938566432102	0.966529274508577	0.769924017210334	0.410604166455079	0.994042647839394	2.97062443038044	0.00297194983126658	884	79	1	0.0358275712345213	0.29913570669464	1.2304070771962
68	4358	0.341158487443673	NA	1.32893082210598	NA	NA	NA	NA	0.157417810432878	NA	0.0927760039623962	NA	NA	NA	NA	2.97046122942981	0.00297352936322026	732	132	1	0.0358275712345213	0.835044654774826	1.78391225422871
5623	4466	0.53213691319926	NA	NA	NA	NA	0.339712758553553	NA	0.0976315740076156	NA	NA	NA	NA	0.28348532077538	NA	2.9692771682174	0.00298501219566272	701	149	1	0.0358417489791562	0.435924835876407	1.35277774976358
3406	3302	0.164917145158216	0.16233183621909	NA	-0.266770554228188	0.49779613038722	0.083381908161094	0.28986423098022	0.30741413733266	0.469205294262516	NA	0.760674260087876	0.137622518395707	0.625471674150976	0.929399992157675	2.96295361116539	0.00304702485459996	822	100	1	0.0363747368011115	0.155253449446275	1.11361723883724
6543	6676	0.243200782628758	0.506618738396886	NA	0.0866381830422149	0.331657405177413	0.185636214285125	NA	0.408610483094536	0.153567035547137	NA	0.935069905591207	0.343169194668581	0.383555249073145	NA	2.96071375519751	0.00306927053235229	868	101	1	0.0365981372338716	0.270750264706079	1.20643506373575
5441	3944	0.184287570980334	0.346603549534231	NA	0.0233518609457954	NA	0.195749867174774	NA	0.336705371003616	0.0666741909480551	NA	0.98100310743884	NA	0.189981029147518	NA	2.954630178153	0.00313044053982936	859	105	1	0.0371178926196728	0.187498212158784	1.13878722352844
4338	5060	0.664072544730027	1.83827409120816	1.04476895698081	0.0448156694413964	-0.00259127590183006	0.0803678067640128	NA	0.19225055761343	0.00293206789376454	0.221402837563212	0.978747100068825	0.996977936058494	0.695968559318679	NA	2.95444502028151	0.00313231959910509	898	45	1	0.0371178926196728	0.611617965537096	1.5279718509047
6198	5910	0.581126542569546	0.567400167031161	NA	-0.0867354580451529	0.460494080084065	0.410594058042337	-0.411911904249127	0.0931267979264931	0.0940338570046876	NA	0.950706249158388	0.480384599108654	0.221655226551848	0.929399992157675	2.95424486058927	0.00313435205966162	820	100	1	0.0371178926196728	0.253494580905472	1.19209117408194
3497	6657	0.358618780127152	0.508527781590365	-0.619429800077405	NA	0.503954998418734	0.230429393895076	-0.0913463247839879	0.201092557952772	0.00991146222416267	0.450828875151626	NA	0.246755348519953	0.576603054687639	0.937414298935745	2.95179575154077	0.00315931832922889	777	52	1	0.0373641412290351	0.148459138194989	1.10838503566082
2888	7408	0.268457646745312	0.682481321007641	NA	0.177731192124133	0.335294366476299	0.263591481774684	NA	0.403721325485896	0.009043292888979	NA	0.8902881014709	0.707001835653578	0.427186850082602	NA	2.95095157163911	0.00316796583783163	868	63	1	0.0373641412290351	0.345511201625614	1.27060112500038
6248	5788	0.27765484314628	1.05985097629591	0.879783296923793	0.445613362248404	0.00489226423987432	0.0221237476584442	0.046707251396807	0.355619933051673	0.00316449625968464	0.123030133168932	0.610191667399794	0.990664606305926	0.896924503825307	0.985127212433875	2.94046957122209	0.00327715187901045	909	44	1	0.0382408195611557	0.390946534558502	1.31125341902397
2990	4222	0.316706561218646	0.42728618791597	NA	-0.302603220135678	0.420153259888604	0.12388636816871	NA	0.278020854268798	0.0619316591621873	NA	0.875622079635888	0.331386937583112	0.551146919587721	NA	2.93941679693114	0.00328830545516801	821	101	1	0.0382847428387089	0.19708583141125	1.14638038622584
6072	8952	0.182118271040125	NA	1.39116215940735	NA	NA	0.218505789496167	NA	0.332401586386509	NA	0.0924753113692197	NA	NA	0.27708524384276	NA	2.93634172044637	0.00332108253343488	734	130	1	0.0385611033847399	0.597262073314547	1.51284278835477
5650	2335	0.260120013276073	0.493621635742099	NA	0.290217925399689	0.024223619968593	0.196118294586094	NA	0.30225599019075	0.0397387822650983	NA	0.784653299707175	0.951286749517292	0.188230276701315	NA	2.93579623110954	0.00332692785427113	868	63	1	0.0385611033847399	0.25286029779451	1.19156718454431
5675	3144	0.524547435922994	0.42632515976819	NA	NA	NA	NA	NA	0.0990499929472067	0.179981860602043	NA	NA	NA	NA	NA	2.93441219067228	0.00334180093987357	832	117	1	0.0386719506390207	0.475436297845592	1.39033862055976
5784	1484	0.18113254893858	NA	NA	NA	0.307497163938705	0.291647624524016	NA	0.450557609230097	NA	NA	NA	0.34255442849935	0.135933368203783	NA	2.93387824209788	0.00334755499125072	709	144	1	0.0386719506390207	0.260092445800434	1.19755543977161
4573	5696	1.24313794165163	0.432388168449989	0.89912505663608	0.298365865430583	0.366306343007412	-0.0923007357653258	-0.284493130937621	0.0219756844030777	0.265836783314289	0.255423832581743	0.885359590008782	0.524920246473317	0.739803542811557	0.933016440633298	2.93282940612866	0.00335888395822415	903	10	1	0.0386719506390207	0.408932786924678	1.32770330116504
7924	3957	0.406268611171189	0.286186759602031	NA	-0.149213188956673	NA	0.249801699399121	NA	0.10717419429416	0.251426791165187	NA	0.921834603584743	NA	0.236510094865073	NA	2.9266540598884	0.00342629761479318	812	105	1	0.0391868607996545	0.198260970303917	1.14731454413696
7719	301	0.241280813205291	0.163715311287729	1.37142285445788	NA	0.262385385330242	0.0740736616577653	NA	0.397653327879955	0.513917585962519	0.0873879173077725	NA	0.536175059240965	0.401554745311574	NA	2.92608928232824	0.00343252411944284	892	88	1	0.0392147904362367	0.422575605187781	1.34031825475165
9548	1319	0.284090716313436	1.00958686856973	0.0432636883557542	0.850085804850115	0.362870905906115	0.231187279722802	0.63133168213901	0.613807624101472	0.0802342177150279	0.961017315973692	0.426194426939435	0.524920246473317	0.469933265949009	0.929399992157675	2.91998974346723	0.00350042906011683	909	79	1	0.0396409245037493	0.487488135122423	1.40200173540247
8994	31	0.162800438898539	0.287760958554914	NA	NA	0.5331799696633	0.235555048165688	NA	0.560229869250357	0.197100440184344	NA	NA	0.299869422932705	0.318234313276192	NA	2.91922822080872	0.00350899223014389	843	111	1	0.0396945169091168	0.30482410382061	1.23526802167082
1965	2532	0.572315749526888	0.40053805875498	NA	0.526448251641797	NA	NA	0.207884528287059	0.0930019388849906	0.239678616242264	NA	0.773802260097519	NA	NA	0.942384793048429	2.91544957286488	0.00355176499368071	857	106	1	0.0400036835483908	0.426796647052681	1.34424550465989
4956	6022	0.419515788961163	0.209129801085838	NA	-0.00284018000033104	0.517576865485515	-0.0315238978187757	NA	0.0519792566304569	0.304260500313571	NA	0.997398790468525	0.30112612693255	0.854967213112594	NA	2.91270603077472	0.00358311741118955	815	101	1	0.040237186575911	0.222371675542682	1.16664989025075
6992	7453	0.459986207079465	NA	0.0425680555281858	NA	NA	0.227360490272751	NA	0.11330524062128	NA	0.961123113263873	NA	NA	0.117701560074137	NA	2.90953407822419	0.00361967922725071	734	130	1	0.0404607509738639	0.243304917626801	1.18370117386602
7669	9337	0.726878004825622	0.0655658631692058	NA	NA	1.04200893074058	-0.105288514969033	-0.197917182830579	0.0697475140937143	0.872099110705768	NA	NA	0.0415014960737023	0.807018646853147	0.92952212894874	2.90505293749628	0.00367190990569988	837	108	1	0.0409121832718948	0.306249420187159	1.23648901272189
314	7994	0.35538873996541	NA	NA	NA	NA	0.261642165872516	0.142003778299118	0.156284283722511	NA	NA	NA	NA	0.190076579906061	0.92952212894874	2.8996106114441	0.00373626491501811	702	148	1	0.0412347243167373	0.253011561379015	1.19169212444337
7549	8982	0.363466563419553	0.169991407973589	NA	NA	0.135327717945691	0.184069001860873	0.182679317054834	0.178122209203298	0.281751678165612	NA	NA	0.638601727226759	0.416303910100129	0.929399992157675	2.89025057772288	0.00384934860771846	844	110	1	0.0422979324211863	0.207106801650908	1.15437087157884
2517	3429	0.200615570950325	0.0142911262559702	NA	0.122846318336165	0.266485025443448	0.076949991905586	NA	0.242306524737854	0.930602713280228	NA	0.87471542521328	0.189160790846068	0.455330069903226	NA	2.8871053404598	0.00388804034640566	868	101	1	0.0425426336530681	0.136237606578299	1.0990352097375
5602	4058	0.509313528058155	0.249486104517122	-0.00342783802008295	0.0326487935129416	NA	0.313933739664163	NA	0.0703580662475256	0.297218648619585	0.997052710916973	0.954139957620484	NA	0.267343278406834	NA	2.87944440088304	0.00398376534251099	790	84	1	0.0432702059529338	0.22039086554646	1.16504918740478
7136	7524	0.325176509786582	NA	1.71027042895436	NA	NA	NA	NA	0.221786746983962	NA	0.0776131381905756	NA	NA	NA	NA	2.87759783677981	0.00400715630469906	732	132	1	0.0433856557348049	1.01772346937047	2.02472148612612
2447	3958	0.555036876328473	0.306312058033832	NA	-0.236422003463086	0.623491157532171	-0.693395102078167	NA	0.0700076591501265	0.277975477958868	NA	0.875622079635888	0.023436393068175	0.134844979764296	NA	2.87524802814589	0.00403710228341803	815	96	1	0.0435508875241194	0.111004597270645	1.07998000127567
1609	6711	0.701175041964833	NA	1.52103101517996	NA	NA	NA	NA	0.182659629608063	NA	0.0927760039623962	NA	NA	NA	NA	2.87166666143391	0.00408313414220252	732	132	1	0.0438439751103653	1.1111030285724	2.16010737598908
9654	2841	0.47461437438371	0.671786110443005	NA	NA	NA	0.0282078443709306	NA	0.219610185978792	0.00766141251353948	NA	NA	NA	0.898399366051581	NA	2.86861207737553	0.00412277102911895	835	75	1	0.0441780283389147	0.391536109732549	1.31178938846117
5557	6755	0.376952997516466	0.118910305665441	NA	0.00825879816224262	0.19591061565847	0.059103346613087	NA	0.0731062788350685	0.482661452555467	NA	0.989610212465015	0.465851853862482	0.599618597595646	NA	2.86793626562893	0.00413158752923759	868	101	1	0.0442267665061569	0.151827212723141	1.1109756624493
2914	3939	0.361687275792614	0.598312355587508	NA	-0.0551981227478233	0.164854804080926	0.238821744324948	NA	0.252623011340255	0.0326389052373694	NA	0.955420642338044	0.700223172606089	0.349970467458871	NA	2.86267971550064	0.00420074957422023	821	63	1	0.0447046982476481	0.261695611407635	1.19888693863189
4245	4801	0.334427834637138	0.357954074037002	NA	0.224109533956983	0.0445699593489044	0.299716796312534	0.00500729831473645	0.224462841574326	0.207796810703278	NA	0.781716759628386	0.864872006796833	0.117701560074137	0.998721335394231	2.86132981571313	0.0042186792856167	869	100	1	0.0447888880712707	0.21096424943455	1.15746153427072
2739	4024	0.405027438941877	0.837324421284353	-1.35989273598896	-0.391791078242228	0.553376356634336	0.01604223907772	0.141940266453578	0.0769904122225458	0.0254323210143409	0.115269423625026	0.82371956190775	0.150441268801624	0.900723553198478	0.929399992157675	2.86032504732229	0.00423206990599589	765	44	1	0.0448850648576555	0.0288609868800966	1.02020635094578
4662	2074	0.46962679423704	0.122447852633921	NA	0.0141796628897977	0.253783680185333	0.224403985403862	NA	0.127377277564177	0.65158505393171	NA	0.991457757659149	0.621424950181083	0.141055734733152	NA	2.85967993084281	0.00424068772935215	868	101	1	0.0449304767398231	0.216888395069991	1.16222419595428
3464	5498	0.398676984321209	0.126217095612702	-0.838649438115342	-0.071988884123602	0.474431270082167	0.347208989353202	0.0709303975757978	0.0732023338988946	0.638704099194091	0.326258092878114	0.964517955068399	0.299514825163211	0.135036084170785	0.96747258127551	2.85541197975005	0.00429810348738391	765	79	1	0.0453533078780775	0.0724037735294477	1.05146714673561
3215	851	0.268363246969683	0.349020112963992	NA	-0.166411825351661	0.587358288948781	-0.0258967475659855	0.181406762039246	0.150140418736986	0.359295533935581	NA	0.855689110947424	0.12706635365528	0.890210713359615	0.93243108583361	2.85480234856273	0.00430636199968149	816	100	1	0.045394224863377	0.198973306334009	1.14788117482715
5176	3010	0.273382698160998	0.108701340506763	NA	0.112992575984455	0.295441831403645	0.149070204698155	0.604237609695265	0.366007601049294	0.729775052410496	NA	0.925913009624724	0.336173905584289	0.36988220432166	0.929399992157675	2.85419206466509	0.00431464376262714	869	100	1	0.0454353035247382	0.257304376741547	1.19524334816547
3018	3187	0.0960581190634722	0.00965196569209414	NA	0.146112971740343	0.224350291401469	0.113723208614614	0.00829052867126734	0.473505777351813	0.946009430108205	NA	0.860588352751173	0.185020915078579	0.157903585120752	0.994048884556825	2.85348557492703	0.00432424910526286	869	100	1	0.0454537323242592	0.0996978475305433	1.07154901795182
10333	10307	NA	NA	NA	NA	NA	0.236912882745084	0.435689871900121	NA	NA	NA	NA	NA	0.122792679611193	0.929399992157675	2.85019380665757	0.00436925966954882	428	202	1	0.0456953368555306	0.336301377322603	1.26251574264269
8673	5113	0.517999563791903	0.205352226991572	-0.253729810206361	NA	0.454915001660476	-0.0354648106510762	NA	0.0352452897033838	0.338716755449229	0.775654785223595	NA	0.299514825163211	0.91443621833776	NA	2.85018047432851	0.00436944283180396	775	13	1	0.0456953368555306	0.177814434317303	1.13116895763931
5379	9137	0.557858494968331	0.367855121735511	-0.52733103107917	-0.00478013746106853	0.403539633794409	0.527318417422338	NA	0.0573835772216639	0.262919904020243	0.621027630290428	0.997398790468525	0.629768223664923	0.23371061765481	NA	2.84531562532215	0.00443674363277369	764	80	1	0.0461118731422277	0.220743416563392	1.16533392496495
9555	2217	0.381652842528143	0.239476337761207	NA	0.240133361205876	0.141633206715029	0.233498471403419	NA	0.115909100864121	0.469902530980092	NA	0.711839010802562	0.852354621884566	0.233762126967443	NA	2.84487046387984	0.00444294871393036	868	101	1	0.0461300947632729	0.247278843922735	1.18696619216898
2320	7101	0.318058280868804	0.387736520371044	NA	-0.0695472319558137	0.306464385838172	0.0816516453917622	NA	0.229583532018206	0.224109149185976	NA	0.948779007682337	0.301415118087881	0.617555505952883	NA	2.83855967358022	0.00453176449203929	821	101	1	0.0467245210612051	0.204872720102794	1.15258465702802
9124	2751	0.188246410588571	0.509677085404573	NA	-0.317939115242314	0.494287463565961	-0.107202816421273	0.120278120939108	0.28817598790778	0.0286236399112609	NA	0.778504670385865	0.131614697268723	0.685981807284643	0.937414298935745	2.83242398910192	0.00461965480978765	816	62	1	0.0472545804533893	0.147891191472438	1.10794878285743
7854	5173	0.300408658156254	0.175275563209651	NA	-0.386934084572085	0.606488922975764	0.290539671991789	NA	0.156047493465397	0.435213722924649	NA	0.871651821884323	0.344983267854559	0.360683410023369	NA	2.83242380970394	0.00461965740197678	821	101	1	0.0472545804533893	0.197155746352275	1.14643594270654
6706	7035	0.348226309256866	1.35646320498042	-0.794854419328962	-0.233948143026135	0.424489497576262	0.266254449859707	0.064619783939289	0.161317127526181	0.0045938951987156	0.158593572253636	0.755548249843799	0.407208046116681	0.192929111075163	0.96747258127551	2.83148161877027	0.00463328965816268	765	44	1	0.0472655429811859	0.204464383322492	1.15225847852456
3460	7365	0.422291212410552	0.273263270134373	NA	-0.117512591531286	0.106134511806609	0.226945683252888	NA	0.0749841299658357	0.177418894478009	NA	0.918457099505923	0.819134852288499	0.296778212419036	NA	2.83108943053393	0.00463897483225884	821	101	1	0.0472655429811859	0.182224417214627	1.13463196793148
3109	5701	0.387485463012874	0.444956278056527	-0.205024695096117	0.439329551157728	-0.0722023616529963	0.227071486397879	0.499744206798649	0.153728587000739	0.128920617821998	0.790345965779362	0.579168779863735	0.910533375981532	0.233395364675028	0.929399992157675	2.82757716290298	0.0046901710651297	785	79	1	0.0476486844619243	0.245908561239221	1.18583933791613
3265	3277	0.332328430578769	0.79357138820184	-0.810096935130409	0.290101246307051	0.375127312791918	0.0142503831458658	NA	0.141469240259511	0.00443116826812762	0.310096041026359	0.753129862333482	0.557404714217926	0.803779602963103	NA	2.82756329175455	0.00469037426666308	796	45	1	0.0476486844619243	0.165880304315839	1.12185040041448
9397	4742	0.262088877815509	0.0743612373147737	NA	-0.129681253139205	0.276160819496582	0.0797981505931169	NA	0.15099370279294	0.680476735874737	NA	0.918457099505923	0.236839786534868	0.495426428076955	NA	2.81995252320467	0.00480307552155934	821	101	1	0.0484003712128172	0.112545566416155	1.08113416408824
9560	1285	0.456064096118984	0.371001757976597	-0.850573203683002	0.190684990666055	0.329056235686611	0.26624652092365	NA	0.0947277228946951	0.159723082615256	0.22794730557074	0.897668905679388	0.507719387534641	0.238565429308597	NA	2.81664116720452	0.00485287110617283	796	80	1	0.0487262116300028	0.127080066281482	1.09208115207489
9085	7906	0.151847300746883	0.167380987379101	NA	0.0800525101705087	0.281711771971368	NA	NA	0.295571914258456	0.296012469326099	NA	0.912626491927206	0.286534780296331	NA	NA	2.81289080735987	0.00490983205905149	865	103	1	0.0491552461796053	0.170248142566965	1.12525201062658
4943	5866	0.225054125597484	0.714722943958499	NA	0.44651509864946	0.524672772602072	0.0444999734122984	0.432226230945517	0.540759474377394	0.0333592839373051	NA	0.797376289623478	0.507325441921598	0.891710978736006	0.929399992157675	2.80639140072846	0.00500997968721739	869	62	1	0.0497731634889229	0.397948524194222	1.3176329373442
4189	4578	0.423027222192202	1.48099618457079	-0.830792927940076	0.167741444182652	1.20073565093842	0.161906140248961	-0.451387755986012	0.225378475551772	0.0130298640526527	0.434682932743628	0.921834603584743	0.165524648618731	0.518275331739654	0.929399992157675	2.80585842595768	0.00501827353743689	795	44	1	0.0498078068916868	0.30746085117242	1.23752772855489
2782	2451	0.241181235022384	NA	1.04871438558355	NA	NA	NA	NA	0.15515853603073	NA	0.131586293184843	NA	NA	NA	NA	2.80463965172045	0.00503728608000675	732	132	1	0.0499009162151338	0.644947810302967	1.56368271879064
